4020.  8.073132E-16
4029.2  5.979102E-16
4038.4  7.309571E-16
4047.6  8.171737E-16
4056.8  5.873901E-16
4066.  6.164434E-16
4075.2  7.870195E-16
4084.4  8.441825E-16
4093.6  6.782166E-16
4102.8  8.365874E-16
4112.  8.932341E-16
4121.2  7.273448E-16
4130.4  8.149101E-16
4139.6  7.354537E-16
4148.8  7.408771E-16
4158.  6.541825E-16
4167.2  7.155693E-16
4176.4  8.024936E-16
4185.6  6.672993E-16
4194.8  7.167008E-16
4204.  7.719683E-16
4213.2  7.619442E-16
4222.4  6.983812E-16
4231.6  7.515600E-16
4240.8  6.601510E-16
4250.  6.497519E-16
4259.2  6.393443E-16
4268.4  6.855188E-16
4277.6  7.135234E-16
4286.8  7.313835E-16
4296.  7.550380E-16
4305.2  6.727113E-16
4314.4  7.185078E-16
4323.6  7.825731E-16
4332.8  7.911575E-16
4342.  7.052519E-16
4351.2  7.697581E-16
4360.4  7.032888E-16
4369.6  7.596548E-16
4378.8  7.509219E-16
4388.  7.686908E-16
4397.2  7.336183E-16
4406.4  7.594374E-16
4415.6  8.369130E-16
4424.8  6.904555E-16
4434.  7.720243E-16
4443.2  7.296675E-16
4452.4  6.940613E-16
4461.6  7.380428E-16
4470.8  7.511650E-16
4480.  7.379365E-16
4489.2  7.449198E-16
4498.4  7.405490E-16
4507.6  7.454941E-16
4516.8  7.444782E-16
4526.  7.680383E-16
4535.2  7.472317E-16
4544.4  6.811604E-16
4553.6  7.380142E-16
4562.8  6.845371E-16
4572.  6.802875E-16
4581.2  7.461636E-16
4590.4  7.031718E-16
4599.6  7.003740E-16
4608.8  7.108165E-16
4618.  7.176348E-16
4627.2  7.204643E-16
4636.4  7.584556E-16
4645.6  7.480747E-16
4654.8  7.266176E-16
4664.  7.181104E-16
4673.2  7.385985E-16
4682.4  7.346939E-16
4691.6  7.058687E-16
4700.8  7.119544E-16
4710.  7.443270E-16
4719.2  6.925207E-16
4728.4  7.044726E-16
4737.6  6.993669E-16
4746.8  6.851912E-16
4756.  6.641162E-16
4765.2  6.878000E-16
4774.4  6.979521E-16
4783.6  7.250379E-16
4792.8  7.055194E-16
4802.  7.263499E-16
4811.2  7.669088E-16
4820.4  7.843373E-16
4829.6  7.649782E-16
4838.8  7.734802E-16
4848.  7.713642E-16
4857.2  7.659510E-16
4866.4  8.112515E-16
4875.6  7.615559E-16
4884.8  7.168504E-16
4894.  7.791483E-16
4903.2  7.628959E-16
4912.4  8.035357E-16
4921.6  7.917607E-16
4930.8  7.682623E-16
4940.  7.720438E-16
4949.2  7.723687E-16
4958.4  7.817493E-16
4967.6  7.592063E-16
4976.8  8.028316E-16
4986.  7.715928E-16
4995.2  7.423529E-16
5004.4  7.404889E-16
5013.6  7.638720E-16
5022.8  7.402791E-16
5032.  7.456525E-16
5041.2  7.519108E-16
5050.4  7.007895E-16
5059.6  7.267425E-16
5068.8  7.132519E-16
5078.  7.462083E-16
5087.2  7.384017E-16
5096.4  7.474849E-16
5105.6  7.565147E-16
5114.8  7.312845E-16
5124.  7.417294E-16
5133.2  7.031868E-16
5142.4  7.492033E-16
5151.6  7.728049E-16
5160.8  7.437378E-16
5170.  7.259947E-16
5179.2  7.126542E-16
5188.4  7.532291E-16
5197.6  7.154739E-16
5206.8  7.397781E-16
5216.  7.307505E-16
5225.2  7.291301E-16
5234.4  7.117714E-16
5243.6  7.131682E-16
5252.8  7.272981E-16
5262.  7.152657E-16
5271.2  6.806384E-16
5280.4  7.261607E-16
5289.6  7.211259E-16
5298.8  7.341025E-16
5308.  6.980723E-16
5317.2  7.339071E-16
5326.4  7.365192E-16
5335.6  6.939973E-16
5344.8  7.026359E-16
5354.  7.176891E-16
5363.2  7.203501E-16
5372.4  7.284387E-16
5381.6  6.870986E-16
5390.8  6.815622E-16
5400.  6.961112E-16
5409.2  6.822326E-16
5418.4  6.995816E-16
5427.6  7.172105E-16
5436.8  7.213454E-16
5446.  6.915166E-16
5455.2  7.334156E-16
5464.4  6.684246E-16
5473.6  6.927567E-16
5482.8  7.347727E-16
5492.  7.120259E-16
5501.2  7.383636E-16
5510.4  7.063669E-16
5519.6  6.956958E-16
5528.8  7.204821E-16
5538.  7.000904E-16
5547.2  7.246948E-16
5556.4  7.054851E-16
5565.6  7.188228E-16
5574.8  7.369592E-16
5584.  6.923454E-16
5593.2  6.958984E-16
5602.4  7.144421E-16
5611.6  7.088209E-16
5620.8  7.327635E-16
5630.  7.094493E-16
5639.2  6.969731E-16
5648.4  7.218037E-16
5657.6  7.447031E-16
5666.8  6.969587E-16
5676.  6.642209E-16
5685.2  7.259744E-16
5694.4  6.862226E-16
5703.6  6.780706E-16
5712.8  7.057429E-16
5722.  6.973288E-16
5731.2  6.991226E-16
5740.4  6.478753E-16
5749.6  7.037377E-16
5758.8  6.943648E-16
5768.  6.850709E-16
5777.2  6.671158E-16
5786.4  6.812367E-16
5795.6  6.661590E-16
5804.8  7.174514E-16
5814.  6.961291E-16
5823.2  7.285999E-16
5832.4  7.379600E-16
5841.6  7.246654E-16
5850.8  7.165034E-16
5860.  7.834695E-16
5869.2  7.579561E-16
5878.4  7.286655E-16
5887.6  6.984040E-16
5896.8  7.261516E-16
5906.  7.107758E-16
5915.2  6.915593E-16
5924.4  7.407610E-16
5933.6  7.439533E-16
5942.8  7.015631E-16
5952.  6.299945E-16
5961.2  6.555614E-16
5970.4  6.882185E-16
5979.6  7.231484E-16
5988.8  7.177566E-16
5998.  7.028822E-16
6007.2  7.056582E-16
6016.4  6.953466E-16
6025.6  7.136392E-16
6034.8  7.217401E-16
6044.  6.962009E-16
6053.2  6.972452E-16
6062.4  7.146173E-16
6071.6  7.469486E-16
6080.8  7.252323E-16
6090.  7.229136E-16
6099.2  6.914373E-16
6108.4  6.744393E-16
6117.6  6.849488E-16
6126.8  7.034346E-16
6136.  6.725286E-16
6145.2  6.864898E-16
6154.4  6.746167E-16
6163.6  6.608577E-16
6172.8  6.785154E-16
6182.  6.977182E-16
6191.2  6.693408E-16
6200.4  6.580264E-16
6209.6  6.417272E-16
6218.8  6.526777E-16
6228.  7.046829E-16
6237.2  6.673762E-16
6246.4  6.709301E-16
6255.6  6.696214E-16
6264.8  6.712493E-16
6274.  6.095526E-16
6283.2  6.405533E-16
6292.4  6.874651E-16
6301.6  6.521279E-16
6310.8  6.576744E-16
6320.  6.723626E-16
6329.2  6.379432E-16
6338.4  6.622704E-16
6347.6  6.518076E-16
6356.8  6.605061E-16
6366.  6.705522E-16
6375.2  6.438496E-16
6384.4  6.296531E-16
6393.6  6.679491E-16
6402.8  5.966589E-16
6412.  6.508569E-16
6421.2  6.329940E-16
6430.4  6.526196E-16
6439.6  6.571779E-16
6448.8  7.079107E-16
6458.  7.103017E-16
6467.2  7.260095E-16
6476.4  6.768618E-16
6485.6  6.877490E-16
6494.8  7.275320E-16
6504.  6.934212E-16
6513.2  7.264167E-16
6522.4  7.403685E-16
6531.6  7.062439E-16
6540.8  7.090541E-16
6550.  7.220370E-16
6559.2  6.972740E-16
6568.4  7.407538E-16
6577.6  7.140072E-16
6586.8  7.665413E-16
6596.  7.244270E-16
6605.2  7.531236E-16
6614.4  7.594833E-16
6623.6  7.782420E-16
6632.8  7.470454E-16
6642.  7.212694E-16
6651.2  7.330468E-16
6660.4  7.979822E-16
6669.6  7.650578E-16
6678.8  7.598139E-16
6688.  7.313066E-16
6697.2  7.152493E-16
6706.4  7.210467E-16
6715.6  6.984775E-16
6724.8  7.319764E-16
6734.  7.703346E-16
6743.2  6.853061E-16
6752.4  7.087045E-16
6761.6  6.699588E-16
6770.8  6.940577E-16
6780.  7.056240E-16
6789.2  6.832371E-16
6798.4  8.920361E-16
6807.6  9.232403E-16
6816.8  6.972431E-16
6826.  6.781387E-16
6835.2  6.819139E-16
6844.4  6.662324E-16
6853.6  6.473634E-16
6862.8  5.579545E-16
6872.  5.114512E-16
6881.2  6.021400E-16
6890.4  5.662827E-16
6899.6  5.440734E-16
6908.8  6.247175E-16
6918.  6.219473E-16
6927.2  6.002694E-16
6936.4  5.954646E-16
6945.6  5.830206E-16
6954.8  5.995787E-16
6964.  6.353513E-16
6973.2  6.585922E-16
6982.4  6.158407E-16
6991.6  6.528649E-16
7000.8  6.312145E-16
7010.  5.973465E-16
7019.2  6.530261E-16
7028.4  5.612158E-16
7037.6  6.301427E-16
7046.8  5.961603E-16
7056.  6.474828E-16
7065.2  6.173702E-16
7074.4  6.224324E-16
7083.6  6.885801E-16
7092.8  6.605007E-16
7102.  5.942377E-16
7111.2  6.670217E-16
7120.4  7.011942E-16
7129.6  6.492261E-16
7138.8  6.197353E-16
7148.  6.652136E-16
7157.2  6.034356E-16
7166.4  5.815146E-16
7175.6  5.895402E-16
7184.8  5.027601E-16
7194.  5.183051E-16
7203.2  5.631588E-16
7212.4  5.632412E-16
7221.6  6.236131E-16
7230.8  5.607672E-16
7240.  4.948266E-16
7249.2  5.368252E-16
7258.4  5.836115E-16
7267.6  5.239859E-16
7276.8  5.719082E-16
7286.  6.232530E-16
7295.2  5.841064E-16
7304.4  5.637375E-16
7313.6  5.708078E-16
7322.8  5.433691E-16
7332.  5.751736E-16
7341.2  6.066954E-16
7350.4  6.067426E-16
7359.6  5.515491E-16
7368.8  5.951703E-16
7378.  6.189992E-16
7387.2  6.305757E-16
7396.4  5.702740E-16
7405.6  5.952504E-16
7414.8  5.896693E-16
7424.  6.588179E-16
7433.2  6.000049E-16
7442.4  5.627276E-16
7451.6  5.843169E-16
7460.8  5.974213E-16
7470.  5.590120E-16
7479.2  5.289890E-16
7488.4  5.645946E-16
7497.6  5.787274E-16
7506.8  5.291521E-16
7516.  4.677266E-16
7525.2  6.120045E-16
7534.4  5.940688E-16
7543.6  5.427484E-16
7552.8  5.580930E-16
7562.  5.832332E-16
7571.2  5.981471E-16
7580.4  6.044282E-16
7589.6  4.593464E-16
7598.8  2.183843E-16
7608.  2.193228E-16
7617.2  3.778448E-16
7626.4  3.274561E-16
7635.6  3.445480E-16
7644.8  4.753127E-16
7654.  4.392321E-16
7663.2  4.649344E-16
7672.4  5.808580E-16
7681.6  5.248633E-16
7690.8  5.197621E-16
7700.  4.631026E-16
7709.2  5.157883E-16
7718.4  5.299845E-16
7727.6  5.828760E-16
7736.8  6.069783E-16
7746.  6.108981E-16
7755.2  5.813130E-16
7764.4  4.644881E-16
7773.6  5.885104E-16
7782.8  3.561196E-16
7792.  5.115298E-16
7801.2  5.305788E-16
7810.4  5.827563E-16
7819.6  6.148038E-16
7828.8  5.672388E-16
7838.  5.185376E-16
7847.2  5.079359E-16
7856.4  4.739550E-16
7865.6  5.394346E-16
7874.8  5.044855E-16
7884.  6.210793E-16
7893.2  4.353363E-16
7902.4  4.307001E-16
7911.6  5.754202E-16
7920.8  6.015446E-16
7930.  5.633583E-16
7939.2  5.499463E-16
7948.4  4.481581E-16
7957.6  4.368940E-16
7966.8  5.936040E-16
7976.  4.831375E-16
7985.2  5.795442E-16
7994.4  4.906820E-16
