###MJD,m,dm,uJy,duJy,F,err,chi/N,RA,Dec,x,y,maj,min,phi,apfit,Sky,ZP,Obs
58623.470015,-17.367,0.380,-410,156,o,0,1.57,262.08824,23.74425,8622.62,7768.05,2.20,1.90,-58.2,-0.465,17.16,17.06,02a58623o0469o
58623.487660,-17.862,1.508,-260,392,o,0,2.31,262.08824,23.74425,8582.89,7733.23,4.10,3.47,0.0,0.000,15.91,16.45,02a58623o0502o
58619.477446,23.263,8.263,2,15,o,0,1.69,262.08824,23.74425,8558.14,7850.17,2.18,1.85,45.8,-0.439,19.17,19.77,02a58619o0441o
58619.471010,-21.688,2.205,-8,17,o,0,1.07,262.08824,23.74425,8586.76,7729.42,2.21,1.89,-52.9,-0.441,19.19,19.76,02a58619o0428o
58619.462459,-20.051,0.469,-35,16,o,0,1.68,262.08824,23.74425,8634.05,7808.22,2.14,1.83,-49.0,-0.438,19.19,19.75,02a58619o0411o
58619.451741,21.865,2.463,6,16,o,0,0.92,262.08824,23.74425,8621.33,7764.97,2.20,1.87,-52.6,-0.443,19.15,19.71,02a58619o0391o
58627.419633,-20.848,0.701,-17,12,o,0,0.87,262.08824,23.74425,7597.61,3844.08,2.31,2.00,-78.2,-0.426,19.49,20.69,02a58627o0398o
58627.400144,-21.154,0.838,-12,10,o,0,1.41,262.08824,23.74425,7575.90,3804.72,2.37,2.04,-9.2,-0.420,19.51,20.80,02a58627o0359o
58627.443055,-20.439,0.578,-24,14,o,0,0.87,262.08824,23.74425,7518.75,3886.14,2.17,1.84,46.1,-0.445,19.56,20.54,02a58627o0445o
58627.433033,-21.743,1.429,-7,10,o,0,1.44,262.08824,23.74425,7546.42,3763.46,2.26,1.96,-50.8,-0.435,19.52,20.64,02a58627o0426o
58629.462802,-19.435,0.306,-61,19,o,0,1.49,262.08824,23.74425,2299.99,341.85,2.92,2.71,-15.4,-0.437,18.99,20.52,01a58629o0470o
58629.452935,-19.490,0.225,-58,13,o,0,1.14,262.08824,23.74425,2323.10,379.62,2.85,2.64,-18.7,-0.440,19.33,21.17,01a58629o0451o
58629.485839,-21.524,2.086,-9,19,o,0,1.73,262.08824,23.74425,2358.58,422.55,2.86,2.62,-25.5,-0.444,18.75,20.05,01a58629o0517o
58629.489935,-21.106,1.932,-13,25,o,0,1.33,262.08824,23.74425,8175.38,10251.12,2.89,2.64,-30.3,-0.442,18.52,19.67,01a58629o0525o
58629.564259,-21.812,2.237,-7,15,o,0,1.12,262.08824,23.74425,2675.67,90.87,2.86,2.66,-19.1,-0.440,19.28,20.80,01a58629o0671o
58629.591098,22.065,2.433,5,13,o,0,1.28,262.08824,23.74425,2608.20,126.99,2.89,2.69,-45.0,-0.439,19.28,20.79,01a58629o0724o
58631.413643,21.194,0.820,12,10,o,0,1.09,262.08824,23.74425,7578.69,3804.60,2.21,1.87,-48.3,-0.449,19.76,21.22,02a58631o0370o
58631.416887,-21.345,0.764,-10,8,o,0,2.36,262.08824,23.74425,7598.09,3843.37,2.15,1.86,-49.2,-0.447,19.72,21.20,02a58631o0376o
58631.423470,20.875,0.572,16,9,o,0,1.31,262.08824,23.74425,7541.31,3766.01,2.18,1.88,-48.9,-0.445,19.72,21.16,02a58631o0389o
58631.434519,-20.699,0.574,-19,11,o,0,0.96,262.08824,23.74425,7517.52,3882.97,2.18,1.87,-47.4,-0.443,19.73,21.16,02a58631o0412o
58633.534973,-18.863,0.325,-104,34,o,0,1.22,262.08824,23.74425,9461.73,3606.23,2.92,2.74,-17.8,-0.440,17.67,19.40,01a58633o0624o
58633.546751,-20.854,0.675,-16,11,o,0,1.20,262.08824,23.74425,9483.99,3642.86,2.99,2.78,-25.6,-0.427,19.39,21.31,01a58633o0647o
58633.559764,19.733,0.318,46,15,o,0,1.14,262.08824,23.74425,9425.54,3568.90,3.23,3.01,-31.3,-0.414,19.13,21.08,01a58633o0673o
58633.571285,-20.765,0.682,-18,12,o,0,1.34,262.08824,23.74425,9415.98,3686.58,3.15,2.94,-30.3,-0.417,19.37,21.34,01a58633o0696o
58635.484874,19.710,0.189,47,9,c,0,1.31,262.08824,23.74425,2920.58,4790.48,2.56,2.33,-65.0,-0.402,19.81,21.97,02a58635o0519c
58635.473235,21.143,0.733,13,9,c,0,0.95,262.08824,23.74425,7651.81,5751.98,2.53,2.31,-52.7,-0.404,19.84,21.95,02a58635o0496c
58635.495237,20.763,0.472,18,8,c,0,1.11,262.08824,23.74425,2975.75,4865.99,2.53,2.30,-55.0,-0.401,19.84,21.93,02a58635o0538c
58635.498263,20.613,0.407,21,8,c,0,1.11,262.08824,23.74425,2997.23,4749.47,2.55,2.33,-50.1,-0.401,19.86,21.93,02a58635o0544c
58637.375888,22.939,5.545,2,13,o,0,1.23,262.08824,23.74425,1071.62,6924.38,3.26,2.97,-10.3,-0.416,19.31,21.28,01a58637o0039o
58637.402344,20.320,0.539,27,15,o,0,1.17,262.08824,23.74425,1129.88,6848.47,3.10,2.91,-52.8,-0.433,19.22,21.17,01a58637o0091o
58637.390771,20.625,0.657,20,13,o,0,1.15,262.08824,23.74425,1052.18,6887.93,3.10,2.84,-18.5,-0.428,19.43,21.32,01a58637o0069o
58637.394456,20.218,0.412,30,12,o,0,1.27,262.08824,23.74425,1111.27,6961.67,3.03,2.80,-14.3,-0.433,19.44,21.37,01a58637o0075o
58639.475551,19.569,0.335,54,18,c,0,1.23,262.08824,23.74425,2940.70,4825.60,2.54,2.32,-53.3,-0.403,18.91,20.82,02a58639o0443c
58639.484733,19.607,0.173,52,9,c,0,1.85,262.08824,23.74425,2914.44,4786.74,2.58,2.32,-53.6,-0.401,19.61,21.64,02a58639o0459c
58639.491567,19.233,0.122,74,9,c,0,1.58,262.08824,23.74425,2971.88,4864.02,2.57,2.31,-51.7,-0.403,19.55,21.57,02a58639o0473c
58639.513561,19.388,0.257,64,16,c,0,0.87,262.08824,23.74425,2984.49,4746.46,2.55,2.30,45.0,-0.398,19.02,20.84,02a58639o0514c
58641.503815,19.031,0.146,89,13,o,0,1.39,262.08824,23.74425,434.04,7740.86,2.97,2.77,-40.5,-0.433,19.40,21.14,01a58641o0524o
58641.506645,18.877,0.133,102,14,o,0,1.28,262.08824,23.74425,454.71,7779.22,2.95,2.74,-27.5,-0.433,19.44,21.18,01a58641o0530o
58641.535939,19.015,0.160,90,14,o,0,1.09,262.08824,23.74425,381.07,7815.22,2.96,2.77,-28.2,-0.434,19.38,21.15,01a58641o0585o
58641.525431,19.251,0.194,72,14,o,0,1.05,262.08824,23.74425,395.43,7699.71,2.95,2.75,-59.0,-0.435,19.39,21.12,01a58641o0565o
58643.412666,18.550,0.076,138,10,o,0,1.09,262.08824,23.74425,5706.42,5852.36,2.14,1.84,-49.4,-0.446,19.73,21.08,02a58643o0374o
58643.415410,18.418,0.068,156,11,o,0,2.01,262.08824,23.74425,5726.27,5891.24,2.11,1.80,-51.0,-0.450,19.73,21.09,02a58643o0380o
58643.432729,18.658,0.073,125,9,o,0,2.44,262.08824,23.74425,5670.07,5816.08,2.16,1.85,-51.5,-0.446,19.77,21.24,02a58643o0414o
58643.444284,18.675,0.070,123,9,o,0,1.98,262.08824,23.74425,4948.44,4638.94,2.17,1.88,-47.9,-0.441,19.73,21.20,02a58643o0436o
58645.378437,18.567,0.125,136,17,o,0,0.78,262.08824,23.74425,10120.31,2850.11,2.90,2.70,-32.5,-0.435,19.26,20.65,01a58645o0306o
58645.381226,18.960,0.169,95,16,o,0,1.28,262.08824,23.74425,10099.67,2810.55,2.89,2.69,-23.3,-0.437,19.24,20.66,01a58645o0312o
58645.391018,18.328,0.085,169,14,o,0,0.99,262.08824,23.74425,10164.10,2890.18,2.90,2.69,-23.3,-0.436,19.27,20.71,01a58645o0331o
58645.402846,18.764,0.130,113,15,o,0,1.05,262.08824,23.74425,10181.30,2772.63,2.86,2.66,-31.2,-0.440,19.29,20.73,01a58645o0354o
58647.417025,18.524,0.112,141,16,o,0,1.57,262.08824,23.74425,5729.31,5893.29,2.24,1.89,-52.2,-0.439,19.30,20.01,02a58647o0359o
58647.423269,18.218,0.075,187,14,o,0,1.28,262.08824,23.74425,5675.11,5816.34,2.17,1.87,-49.7,-0.446,19.30,20.00,02a58647o0370o
58647.413979,18.265,0.065,180,12,o,0,1.99,262.08824,23.74425,5708.57,5855.55,2.18,1.83,-53.0,-0.439,19.32,19.99,02a58647o0353o
58647.433235,18.288,0.085,176,15,o,0,1.20,262.08824,23.74425,5653.50,5933.34,2.28,1.97,-50.8,-0.433,19.26,20.01,02a58647o0388o
58649.491204,18.141,0.121,201,24,o,0,1.36,262.08824,23.74425,4386.86,7542.90,2.82,2.61,-31.1,-0.446,18.75,19.71,01a58649o0264o
58649.477250,18.139,0.125,202,25,o,0,1.29,262.08824,23.74425,4364.56,7505.64,2.93,2.69,-12.1,-0.438,18.75,19.73,01a58649o0237o
58649.496738,18.213,0.144,188,27,o,0,1.15,262.08824,23.74425,4327.89,7465.07,2.91,2.68,-32.1,-0.441,18.72,19.66,01a58649o0275o
58655.315625,18.117,0.090,206,19,o,0,1.16,262.08824,23.74425,6661.36,1777.89,2.30,1.95,30.5,-0.429,19.12,20.41,02a58655o0165o
58649.505017,18.133,0.144,203,29,o,0,1.48,262.08824,23.74425,4311.60,7582.18,3.02,2.81,-50.5,-0.431,18.65,19.62,01a58649o0291o
58655.325610,17.951,0.094,240,23,o,0,1.96,262.08824,23.74425,6677.88,1817.94,2.36,2.02,49.7,-0.422,18.60,19.88,02a58655o0184o
58655.328709,18.177,0.067,195,13,o,0,1.11,262.08824,23.74425,6621.18,1740.55,2.30,1.98,42.9,-0.429,19.68,21.09,02a58655o0190o
58663.355358,18.046,0.044,220,10,c,0,1.08,262.08824,23.74425,2389.65,7585.94,2.54,2.31,-47.6,-0.399,19.83,21.95,02a58663o0241c
58655.336926,18.165,0.072,197,14,o,0,1.11,262.08824,23.74425,6603.02,1858.32,2.20,1.89,-44.7,-0.437,19.51,20.75,02a58655o0206o
58663.375214,18.093,0.045,210,10,c,0,1.34,262.08824,23.74425,2410.34,7623.05,2.53,2.24,-51.5,-0.405,19.88,22.01,02a58663o0278c
58629.558358,-22.937,8.083,-2,20,o,0,0.98,262.08824,23.74425,2653.77,50.72,3.07,2.79,-18.7,-0.429,19.24,20.79,01a58629o0660o
58659.417150,18.051,0.043,218,9,o,0,2.27,262.08824,23.74425,8237.01,3025.57,2.19,1.90,-47.7,-0.439,19.81,21.40,02a58659o0371o
58659.432935,18.028,0.044,223,10,o,0,2.29,262.08824,23.74425,8253.03,2909.40,2.20,1.88,-46.4,-0.442,19.75,21.34,02a58659o0402o
58659.406844,18.058,0.045,217,10,o,0,1.30,262.08824,23.74425,8201.70,2985.33,2.20,1.90,-46.9,-0.442,19.81,21.42,02a58659o0352o
58659.413350,18.193,0.058,192,11,o,0,1.34,262.08824,23.74425,2413.34,7627.64,2.28,1.95,-78.8,-0.437,19.77,21.41,02a58659o0364o
58663.386536,18.103,0.041,208,8,c,0,1.29,262.08824,23.74425,8250.24,3030.24,2.58,2.32,-44.9,-0.402,19.84,21.99,02a58663o0301c
58663.394866,18.112,0.044,206,9,c,0,1.59,262.08824,23.74425,2332.53,7662.68,2.54,2.27,-53.7,-0.403,19.88,21.97,02a58663o0317c
58665.396237,18.546,0.084,139,12,o,0,1.34,262.08824,23.74425,3745.29,5969.43,2.89,2.67,-15.2,-0.436,19.49,21.25,01a58665o0338o
58665.409617,18.550,0.094,138,13,o,0,0.88,262.08824,23.74425,3707.17,5929.06,2.83,2.59,-20.6,-0.442,19.49,21.25,01a58665o0365o
58665.417157,18.450,0.082,151,12,o,0,1.54,262.08824,23.74425,3691.34,6045.49,2.82,2.62,-19.4,-0.439,19.48,21.25,01a58665o0380o
58665.406627,18.627,0.095,129,12,o,0,1.24,262.08824,23.74425,3766.46,6006.08,2.81,2.61,-15.6,-0.442,19.50,21.27,01a58665o0359o
58667.542501,18.694,0.078,121,9,c,0,1.81,262.08824,23.74425,6873.22,6600.61,2.55,2.32,-56.4,-0.402,19.72,21.66,02a58667o0400c
58667.551322,18.511,0.067,143,10,c,0,1.44,262.08824,23.74425,6886.18,6488.54,2.61,2.33,-53.0,-0.402,19.68,21.62,02a58667o0416c
58667.517727,18.535,0.070,140,10,c,0,1.12,262.08824,23.74425,6840.95,6559.42,2.56,2.32,78.6,-0.403,19.76,21.78,02a58667o0354c
58667.533666,18.448,0.068,152,10,c,0,1.11,262.08824,23.74425,6814.33,6523.36,2.60,2.38,48.7,-0.394,19.67,21.70,02a58667o0384c
58671.372798,18.941,0.130,96,13,o,0,1.00,262.08824,23.74425,7295.27,4554.54,3.04,2.82,-88.3,-0.417,19.43,21.34,01a58671o0284o
58671.379115,18.651,0.082,126,10,o,0,1.36,262.08824,23.74425,7277.60,4489.57,2.98,2.78,-28.3,-0.423,19.48,21.36,01a58671o0296o
58671.388969,19.015,0.137,90,12,o,0,1.17,262.08824,23.74425,2777.51,5747.40,2.96,2.78,-37.1,-0.421,19.48,21.46,01a58671o0315o
58671.395161,18.733,0.099,117,12,o,0,1.08,262.08824,23.74425,2761.47,5888.16,2.95,2.78,-20.8,-0.424,19.47,21.50,01a58671o0327o
58674.537788,18.786,0.190,111,21,o,0,0.80,262.08824,23.74425,70.07,2436.43,3.09,2.87,-8.2,-0.414,19.15,20.69,01a58674o0264o
58674.535948,18.929,0.179,97,18,o,0,1.07,262.08824,23.74425,9954.83,2324.33,3.27,3.03,-5.4,-0.405,19.08,20.54,01a58674o0260o
58674.541009,19.129,0.216,81,18,o,0,1.14,262.08824,23.74425,95.75,2483.85,3.14,2.95,-15.4,-0.409,19.13,20.66,01a58674o0271o
58674.544317,19.330,0.286,67,19,o,0,0.88,262.08824,23.74425,9926.33,2306.93,3.25,2.96,-5.1,-0.405,19.04,20.46,01a58674o0278o
58674.539169,18.897,0.184,100,18,o,0,0.85,262.08824,23.74425,9978.57,2370.97,3.25,2.95,-10.1,-0.409,19.06,20.50,01a58674o0267o
58674.546159,25.556,111.000,0,24,o,0,0.93,262.08824,23.74425,42.75,2417.33,3.15,2.94,-5.4,-0.410,19.16,20.62,01a58674o0282o
58674.558768,18.816,0.178,108,19,o,0,0.95,262.08824,23.74425,9932.80,2456.45,3.31,3.03,-15.4,-0.400,18.95,20.38,01a58674o0307o
58674.560670,23.098,12.111,2,25,o,0,1.22,262.08824,23.74425,49.33,2567.15,3.21,3.02,59.2,-0.412,19.05,20.53,01a58674o0311o
58677.452260,19.015,0.251,90,22,o,0,1.20,262.08824,23.74425,829.61,2094.23,2.95,2.73,-24.0,-0.430,18.85,19.89,01a58677o0269o
58677.455096,19.073,0.230,85,20,o,0,1.35,262.08824,23.74425,850.50,2133.73,2.87,2.66,-33.1,-0.437,18.86,19.89,01a58677o0275o
58677.460288,18.671,0.179,124,22,o,0,1.18,262.08824,23.74425,787.90,2054.23,2.90,2.68,-52.7,-0.438,18.83,19.86,01a58677o0286o
58679.344744,19.370,0.291,65,19,o,0,1.37,262.08824,23.74425,3946.07,2688.73,2.42,2.05,-30.0,-0.492,18.89,19.47,02a58679o0223o
58677.471799,18.739,0.183,116,21,o,0,1.76,262.08824,23.74425,774.70,2170.09,2.91,2.68,-65.3,-0.438,18.82,19.80,01a58677o0309o
58681.242949,-19.366,1.216,-65,79,o,0,1.04,262.08824,23.74425,968.22,4991.22,3.10,2.66,-13.2,-0.454,17.54,18.00,01a58681o0026o
58679.354778,19.126,0.237,81,19,o,0,0.93,262.08824,23.74425,6623.15,7857.08,2.34,1.97,-53.5,-0.436,18.93,19.52,02a58679o0242o
58679.351536,18.784,0.152,111,17,o,0,1.19,262.08824,23.74425,3923.67,2649.51,2.22,1.91,-49.3,-0.439,19.05,19.53,02a58679o0236o
58679.371537,19.209,0.271,75,20,o,0,0.86,262.08824,23.74425,3993.18,2607.48,2.27,1.94,-74.8,-0.432,18.96,19.48,02a58679o0274o
58681.246234,19.236,0.650,73,48,o,0,1.21,262.08824,23.74425,948.00,4953.76,3.07,2.64,-15.4,-0.440,18.08,18.67,01a58681o0033o
58681.272667,20.450,1.208,24,29,o,0,1.08,262.08824,23.74425,1030.59,4914.95,3.51,2.94,-15.8,-0.391,18.48,19.52,01a58681o0086o
58681.253288,18.664,0.235,124,29,o,0,1.00,262.08824,23.74425,1007.99,5031.42,2.98,2.61,-15.3,-0.441,18.59,19.37,01a58681o0048o
58685.351873,19.300,0.183,69,13,o,0,1.26,262.08824,23.74425,9571.22,5532.76,2.96,2.72,-11.1,-0.430,19.38,20.93,01a58685o0203o
58685.364596,20.332,0.497,27,13,o,0,1.12,262.08824,23.74425,9535.87,5493.95,2.99,2.71,-3.4,-0.429,19.27,20.78,01a58685o0229o
58685.374594,19.089,0.182,84,15,o,0,0.87,262.08824,23.74425,9518.02,5611.94,2.99,2.69,-15.4,-0.428,19.27,20.72,01a58685o0247o
58685.355252,19.067,0.185,86,16,o,0,0.91,262.08824,23.74425,9591.28,5571.23,2.96,2.74,-9.6,-0.433,19.33,20.88,01a58685o0210o
58689.496598,19.411,0.307,62,19,o,0,0.79,262.08824,23.74425,2034.07,10063.75,3.38,2.96,-14.0,-0.404,19.18,20.78,01a58689o0548o
58689.505803,18.988,0.163,92,15,o,0,1.35,262.08824,23.74425,1991.19,10026.36,3.27,2.99,-28.8,-0.414,19.16,20.72,01a58689o0568o
58691.242835,-19.206,0.736,-75,56,c,0,1.10,262.08824,23.74425,1454.23,3598.20,2.72,2.43,43.2,-0.401,17.71,18.49,02a58691o0002c
58689.499817,20.221,0.531,30,16,o,0,1.14,262.08824,23.74425,2053.78,10103.93,3.31,3.02,-19.1,-0.411,19.14,20.76,01a58689o0555o
58689.523801,19.353,0.303,66,20,o,0,0.87,262.08824,23.74425,1970.02,10144.99,3.42,3.09,-26.8,-0.407,19.00,20.52,01a58689o0605o
58691.243293,-19.915,1.288,-39,51,c,0,0.81,262.08824,23.74425,1453.87,3598.47,2.63,2.36,40.4,-0.403,17.86,18.61,02a58691o0003c
58691.288333,20.191,0.305,30,9,c,0,1.26,262.08824,23.74425,1412.91,3561.42,2.54,2.30,62.4,-0.402,19.89,22.01,02a58691o0024c
58691.297058,19.466,0.144,59,9,c,0,1.14,262.08824,23.74425,1391.25,3677.91,2.70,2.44,45.0,-0.391,19.82,22.04,02a58691o0041c
58699.303994,19.935,0.254,39,10,c,0,1.15,262.08824,23.74425,2013.11,8916.59,2.61,2.35,-60.2,-0.405,19.71,21.91,02a58699o0144c
58693.353027,19.710,0.260,47,12,o,0,1.09,262.08824,23.74425,2044.74,10104.83,3.07,2.80,-2.5,-0.431,19.45,21.44,01a58693o0231o
58693.389030,19.759,0.324,45,15,o,0,0.80,262.08824,23.74425,1965.69,10142.92,3.11,2.88,-19.4,-0.428,19.41,21.31,01a58693o0257o
58693.344758,20.095,0.426,33,14,o,0,1.18,262.08824,23.74425,2023.84,10065.08,3.08,2.87,-14.2,-0.424,19.44,21.48,01a58693o0215o
58693.386209,19.189,0.170,77,13,o,0,1.30,262.08824,23.74425,1984.14,10025.06,3.09,2.84,-16.4,-0.430,19.39,21.32,01a58693o0252o
58699.360770,24.240,24.667,1,18,c,0,1.04,262.08824,23.74425,2051.25,8834.32,2.88,2.65,62.0,-0.382,19.16,21.42,02a58699o0180c
58699.352602,19.305,0.145,69,10,c,0,1.33,262.08824,23.74425,1975.61,8875.39,2.88,2.64,62.4,-0.383,19.71,22.04,02a58699o0164c
58699.355510,18.848,0.194,105,20,c,0,0.89,262.08824,23.74425,2032.55,8951.46,2.87,2.63,62.6,-0.384,18.90,21.05,02a58699o0170c
58703.370953,19.254,0.184,72,13,c,0,1.19,262.08824,23.74425,1983.76,8922.68,2.60,2.36,-53.3,-0.399,19.33,20.64,02a58703o0282c
58703.376200,19.387,0.211,64,14,c,0,1.06,262.08824,23.74425,1965.82,8882.28,2.64,2.40,-45.0,-0.394,19.34,20.64,02a58703o0291c
58705.319684,20.195,0.617,30,19,o,0,1.02,262.08824,23.74425,2701.91,1952.80,3.19,2.89,-9.3,-0.416,19.01,20.34,01a58705o0018o
58703.379928,19.898,0.304,40,12,c,0,1.65,262.08824,23.74425,2023.81,8959.27,2.68,2.44,-49.1,-0.393,19.31,20.64,02a58703o0299c
58705.312774,20.364,0.756,26,20,o,0,0.81,262.08824,23.74425,2739.95,1991.99,3.27,2.82,-6.6,-0.418,18.99,20.33,01a58705o0003o
58705.312314,21.800,2.613,7,18,o,0,1.24,262.08824,23.74425,2739.60,1992.07,3.40,2.99,-7.6,-0.411,18.98,20.33,01a58705o0002o
58703.390871,19.859,0.361,41,15,c,0,0.90,262.08824,23.74425,2044.09,8839.62,2.57,2.34,-52.1,-0.398,19.36,20.64,02a58703o0319c
58705.333722,21.339,1.733,11,18,o,0,1.26,262.08824,23.74425,2685.77,2068.87,3.53,2.99,-10.1,-0.394,18.92,20.27,01a58705o0048o
