#expname,ra,dec,mag,dm,snr,filter,zp,mjd,x,y,peakval,skyval,peakfit,dpeak,skyfit,flux,dflux,chin,major,minor,snrdet,snrlimit,apfit
01a58573o0461o,185.73396,15.8261625,>20.05,0.0,3.0,o,22.259,58573.4435192,7254.56,9446.14,166.0,184.0,2.7,8.8,182.9,6178.3,792.4,1.54,2.95,2.95,1.0,3.0,-0.432
01a58573o0470o,185.73396,15.8261625,>19.77,0.0,3.0,o,22.066,58573.448424,7273.84,9484.6,194.0,182.7,3.6,8.6,186.3,8016.7,820.6,1.35,3.19,3.01,1.0,3.0,-0.424
01a58573o0492o,185.73396,15.8261625,>19.32,0.0,3.0,o,21.46,58573.4597738,7218.96,9405.25,180.0,185.7,0.2,7.4,181.3,-1386.5,716.6,1.56,3.21,3.03,1.0,3.0,-0.429
01a58573o0512o,185.73396,15.8261625,19.93,0.39,2.31,o,22.255,58573.4704171,7202.98,9522.27,240.0,182.4,19.6,8.5,179.6,4099.4,648.5,2.2,3.07,2.85,1.0,3.0,-0.43
02a58575o0255c,185.73396,15.8261625,>20.45,0.0,3.0,c,22.239,58575.4484564,2377.65,3034.79,163.0,185.4,-0.4,8.8,185.0,2255.8,649.7,2.33,2.62,2.25,1.0,3.0,-0.405
02a58575o0262c,185.73396,15.8261625,20.8,0.54,1.54,c,22.238,58575.452214,2359.8,2996.63,202.0,184.4,12.9,8.4,183.6,4190.0,609.1,1.91,2.63,2.27,1.0,3.0,-0.409
02a58575o0286c,185.73396,15.8261625,>20.36,0.0,3.0,c,22.233,58575.4637836,2413.55,3071.55,201.0,188.6,-10.7,9.6,190.0,6807.5,618.3,1.51,2.61,2.23,1.0,3.0,-0.4095
02a58575o0306c,185.73396,15.8261625,>20.4,0.0,3.0,c,22.23,58575.474417,2433.96,2958.05,184.0,183.5,-3.9,8.7,181.9,-1338.1,726.3,1.65,2.68,2.31,1.0,3.0,-0.405
01a58577o0423o,185.73396,15.8261625,19.73,0.31,2.99,o,22.262,58577.4198289,8210.77,5539.8,204.0,179.7,26.6,8.9,182.2,6142.6,784.6,2.49,2.9,2.68,1.0,3.0,-0.438
01a58577o0456o,185.73396,15.8261625,>20.05,0.0,3.0,o,22.26,58577.4370975,8231.02,5575.4,173.0,183.0,3.0,10.1,189.8,9607.2,687.0,1.36,2.86,2.66,1.0,3.0,-0.443
01a58577o0472o,185.73396,15.8261625,>20.01,0.0,3.0,o,22.203,58577.4456244,8174.19,5499.25,171.0,183.3,-14.8,9.8,194.3,9075.3,698.1,1.96,2.86,2.68,1.0,3.0,-0.44
01a58577o0492o,185.73396,15.8261625,20.25,0.51,1.67,o,22.25,58577.455853,8159.66,5614.78,241.0,183.5,16.0,9.6,183.4,4479.6,685.9,2.6,2.9,2.71,1.0,3.0,-0.44
02a58579o0459c,185.73396,15.8261625,>20.38,0.0,3.0,c,22.249,58579.4361582,1394.74,1091.91,182.0,182.9,5.5,8.9,182.1,2180.5,700.3,1.93,2.63,2.38,1.0,3.0,-0.396
02a58579o0489c,185.73396,15.8261625,>20.38,0.0,3.0,c,22.245,58579.4508796,1372.95,1049.06,160.0,181.7,-7.9,9.1,170.6,-4793.5,571.5,2.0,2.59,2.37,1.0,3.0,-0.401
02a58579o0508c,185.73396,15.8261625,>20.3,0.0,3.0,c,22.244,58579.4608729,1431.44,1129.1,200.0,180.2,7.9,10.0,172.1,-4419.4,586.8,1.23,2.56,2.35,1.0,3.0,-0.399
02a58579o0528c,185.73396,15.8261625,>20.45,0.0,3.0,c,22.24,58579.4706266,1449.38,1008.91,170.0,183.4,3.2,9.1,181.0,1471.4,665.7,1.48,2.49,2.29,1.0,3.0,-0.404
01a58581o0434o,185.73396,15.8261625,>20.0,0.0,3.0,o,22.269,58581.4302511,9265.82,1623.67,185.0,181.2,7.1,10.1,181.8,5500.3,697.8,1.48,2.91,2.74,1.0,3.0,-0.437
01a58581o0444o,185.73396,15.8261625,>19.99,0.0,3.0,o,22.268,58581.4355062,9286.13,1662.11,176.0,180.1,-5.4,10.5,176.9,361.6,836.5,1.42,2.87,2.7,1.0,3.0,-0.442
01a58581o0472o,185.73396,15.8261625,>20.08,0.0,3.0,o,22.266,58581.4497065,9230.62,1584.86,142.0,180.6,-12.6,9.0,179.8,3310.4,667.7,1.96,2.97,2.79,1.0,3.0,-0.435
01a58581o0486o,185.73396,15.8261625,20.8,0.74,1.03,o,22.266,58581.4571343,9213.39,1701.63,156.0,180.4,9.5,9.2,191.7,10918.1,722.5,2.06,2.94,2.76,1.0,3.0,-0.435
02a58583o0298c,185.73396,15.8261625,>20.07,0.0,3.0,c,22.212,58583.4069024,2302.53,6912.14,193.0,188.7,-6.6,7.5,192.8,2680.7,686.2,1.55,3.27,2.92,1.0,3.0,-0.372
02a58583o0328c,185.73396,15.8261625,>20.09,0.0,3.0,c,22.212,58583.421171,2278.15,6870.85,181.0,187.3,-5.4,7.0,196.5,3447.3,710.1,2.89,3.37,3.0,1.0,3.0,-0.369
02a58583o0340c,185.73396,15.8261625,>20.11,0.0,3.0,c,22.209,58583.4268348,2334.64,6953.46,202.0,187.4,-16.0,7.2,196.0,4564.0,806.1,1.76,3.3,2.91,1.0,3.0,-0.373
02a58583o0366c,185.73396,15.8261625,19.91,0.39,2.3,c,22.207,58583.4392837,2347.74,6832.44,201.0,188.4,14.0,6.1,190.4,4734.4,552.5,1.84,3.8,3.37,1.0,3.0,-0.352
01a58585o0403o,185.73396,15.8261625,>20.06,0.0,3.0,o,22.261,58585.4167654,5411.91,1718.25,166.0,181.9,3.8,9.0,182.4,2593.6,597.6,1.65,3.0,2.8,1.0,3.0,-0.43
01a58585o0409o,185.73396,15.8261625,>20.01,0.0,3.0,o,22.261,58585.4198181,5431.41,1756.41,157.0,182.0,-4.3,9.4,184.2,4243.3,739.1,1.42,3.0,2.82,1.0,3.0,-0.43
01a58585o0437o,185.73396,15.8261625,>20.15,0.0,3.0,o,22.245,58585.4349263,5376.82,1678.03,202.0,181.8,5.9,8.9,184.5,5295.0,659.0,2.07,2.86,2.7,1.0,3.0,-0.446
01a58585o0451o,185.73396,15.8261625,>19.95,0.0,3.0,o,22.259,58585.4424093,5359.56,1794.83,202.0,181.1,4.4,9.7,182.1,885.7,810.4,1.19,3.04,2.85,1.0,3.0,-0.427
01a58589o0356o,185.73396,15.8261625,19.46,0.62,1.3,o,22.279,58589.3895088,2507.37,5631.57,159.0,157.0,33.8,26.1,161.1,6372.8,2085.0,1.12,2.91,2.71,1.0,3.0,-0.456
01a58589o0373o,185.73396,15.8261625,>18.93,0.0,3.0,o,22.281,58589.3984161,2528.32,5670.02,191.0,157.9,-4.5,28.5,161.0,2476.7,2082.5,1.21,2.88,2.67,1.0,3.0,-0.453
01a58589o0399o,185.73396,15.8261625,>19.04,0.0,3.0,o,22.279,58589.4107712,2471.59,5591.98,141.0,156.1,-4.9,24.8,168.1,14823.9,2206.4,1.43,2.89,2.75,1.0,3.0,-0.455
01a58589o0400o,185.73396,15.8261625,>18.99,0.0,3.0,o,22.278,58589.4112326,2454.77,5708.62,97.0,156.9,-39.4,26.3,156.8,3953.1,2038.2,1.04,2.89,2.73,1.0,3.0,-0.456
01a58593o0485o,185.73396,15.8261625,19.89,0.67,1.17,o,22.267,58593.4571954,4432.54,3668.57,229.0,181.2,20.3,17.4,193.0,10010.1,1502.3,1.39,3.05,2.92,1.0,3.0,-0.439
01a58593o0506o,185.73396,15.8261625,>19.27,0.0,3.0,o,22.264,58593.4678368,4453.3,3706.56,84.0,181.6,-41.1,18.5,190.8,7496.5,1384.1,1.48,2.97,2.86,1.0,3.0,-0.447
01a58593o0527o,185.73396,15.8261625,>19.21,0.0,3.0,o,22.26,58593.4786203,4397.97,3629.04,205.0,183.2,3.2,18.7,202.7,12650.7,1587.3,1.52,3.05,2.92,1.0,3.0,-0.441
01a58593o0548o,185.73396,15.8261625,>19.16,0.0,3.0,o,22.256,58593.4896147,4382.09,3745.15,136.0,185.2,-8.4,18.3,192.2,5204.5,1299.9,1.27,3.14,3.02,1.0,3.0,-0.433
02a58595o0370o,185.73396,15.8261625,>19.93,0.0,3.0,o,22.097,58595.3983903,4173.85,3034.31,185.0,190.9,1.2,12.9,203.3,7589.3,840.8,1.72,2.51,2.27,1.0,3.0,-0.413
02a58595o0399o,185.73396,15.8261625,>19.89,0.0,3.0,o,22.096,58595.4125521,4206.83,3070.79,145.0,193.0,-3.4,15.5,198.3,4190.2,894.9,1.39,2.35,2.09,1.0,3.0,-0.426
02a58595o0400o,185.73396,15.8261625,>19.98,0.0,3.0,o,22.097,58595.4130091,4150.74,2993.57,158.0,192.2,-9.1,14.6,193.0,1643.8,796.4,1.52,2.32,2.07,1.0,3.0,-0.425
02a58595o0417o,185.73396,15.8261625,>19.86,0.0,3.0,o,22.094,58595.4218736,4225.8,2957.4,196.0,193.1,1.8,13.0,201.0,6489.3,945.6,1.49,2.57,2.34,1.0,3.0,-0.416
01a58597o0351o,185.73396,15.8261625,>20.05,0.0,3.0,o,22.265,58597.3876852,7339.74,1678.84,168.0,181.9,-9.7,8.8,183.9,3994.4,650.4,2.1,3.17,2.76,1.0,3.0,-0.423
01a58597o0382o,185.73396,15.8261625,>20.12,0.0,3.0,o,22.262,58597.4023597,7360.97,1715.7,230.0,182.0,-4.9,9.3,188.9,11020.4,765.3,2.51,2.87,2.69,1.0,3.0,-0.443
01a58597o0394o,185.73396,15.8261625,>20.07,0.0,3.0,o,22.264,58597.4088311,7300.9,1638.77,205.0,182.6,-6.1,9.8,196.3,14109.5,836.0,1.71,2.78,2.78,1.0,3.0,-0.44
01a58597o0420o,185.73396,15.8261625,>20.11,0.0,3.0,o,22.262,58597.4212427,7286.95,1755.72,218.0,183.9,-20.2,9.4,194.0,12298.4,689.1,1.9,2.86,2.69,1.0,3.0,-0.445
02a58599o0388o,185.73396,15.8261625,>20.23,0.0,3.0,o,22.086,58599.4060189,9199.96,1102.53,167.0,184.9,-10.8,12.2,184.3,626.2,689.2,1.31,2.26,2.0,1.0,3.0,-0.435
02a58599o0397o,185.73396,15.8261625,>20.35,0.0,3.0,o,22.085,58599.4111246,9181.51,1063.98,185.0,188.1,-4.6,12.1,199.9,13483.9,671.8,1.37,2.16,1.9,1.0,3.0,-0.441
02a58599o0419o,185.73396,15.8261625,20.84,0.67,1.18,o,22.085,58599.4217553,9236.06,1140.82,205.0,188.5,15.0,12.7,198.0,7314.2,832.0,1.79,2.19,1.92,1.0,3.0,-0.439
02a58599o0439o,185.73396,15.8261625,>20.3,0.0,3.0,o,22.079,58599.43223,9255.67,1025.86,158.0,183.5,7.9,12.8,174.2,845.0,768.3,2.54,2.14,1.88,1.0,3.0,-0.446
02a58603o0382c,185.73396,15.8261625,16.8,0.03,39.58,c,22.127,58603.4074004,4151.58,6904.08,590.0,187.2,475.0,12.0,184.0,2052.5,690.3,1.75,2.58,2.26,1.0,3.0,-0.407
02a58603o0412c,185.73396,15.8261625,16.79,0.03,40.52,c,22.12,58603.4213506,4130.31,6864.15,663.0,186.1,486.3,12.0,183.0,1160.1,688.8,1.69,2.54,2.26,1.0,3.0,-0.406
02a58603o0424c,185.73396,15.8261625,16.76,0.03,40.15,c,22.118,58603.4274758,4187.19,6943.58,697.0,188.4,489.8,12.2,190.8,7541.6,713.8,1.62,2.61,2.24,1.0,3.0,-0.407
02a58603o0450c,185.73396,15.8261625,16.72,0.03,40.87,c,22.114,58603.4396045,4205.62,6826.21,619.0,188.3,490.4,12.0,186.9,3063.1,755.6,1.96,2.62,2.3,1.0,3.0,-0.406
01a58605o0315o,185.73395375,15.82614375,15.58,0.01,92.0,o,22.245,58605.3888462,4457.17,5600.81,1213.0,182.4,1058.0,11.5,183.7,17397.6,744.3,3.77,3.06,2.87,1.0,3.0,-0.429
01a58605o0327o,185.73395375,15.82614375,15.6,0.01,96.41,o,22.243,58605.3951726,4475.41,5637.69,1339.0,184.6,1041.2,10.8,192.0,22969.1,662.0,4.19,3.06,2.87,1.0,3.0,-0.431
01a58605o0350o,185.73395375,15.82614375,15.6,0.01,87.12,o,22.202,58605.4059353,4420.6,5562.46,1197.0,181.0,1010.6,11.6,185.3,16938.3,697.0,2.85,3.05,2.85,1.0,3.0,-0.433
01a58605o0370o,185.73395375,15.82614375,15.63,0.01,89.05,o,22.237,58605.4164301,4403.01,5676.7,1323.0,181.8,1068.6,12.0,182.6,17557.1,688.3,2.95,2.97,2.78,1.0,3.0,-0.436
02a58607o0370c,185.73394375,15.826155,16.84,0.03,37.86,c,22.125,58607.4015106,417.0,3048.98,392.0,181.6,246.1,6.5,177.8,3127.1,478.4,2.42,3.71,3.04,1.0,3.0,-0.368
02a58607o0374c,185.73394375,15.826155,16.94,0.03,36.55,c,22.276,58607.403918,10032.3,3065.69,512.0,183.3,299.7,8.2,187.8,5398.3,644.0,2.21,3.41,2.81,1.0,3.0,-0.381
02a58607o0382c,185.73394375,15.826155,16.79,0.02,45.92,c,22.267,58607.4082551,398.56,3010.07,642.0,179.9,454.6,9.9,170.7,-240.4,604.2,1.75,2.91,2.45,1.0,3.0,-0.395
02a58607o0383c,185.73394375,15.826155,16.79,0.02,43.07,c,22.266,58607.4087125,455.48,3087.44,557.0,182.9,396.2,9.2,180.1,3977.6,534.9,1.88,3.14,2.6,1.0,3.0,-0.39
02a58607o0403c,185.73394375,15.826155,16.81,0.02,45.34,c,22.261,58607.4179424,473.24,2968.51,619.0,179.9,448.9,9.9,175.4,1228.5,704.1,1.89,2.88,2.43,1.0,3.0,-0.403
02a58607o0404c,185.73394375,15.826155,16.88,0.02,42.99,c,22.269,58607.4184077,10069.5,3103.92,529.0,186.7,382.6,8.9,197.0,11774.7,699.0,2.1,3.05,2.57,1.0,3.0,-0.386
02a58607o0405c,185.73394375,15.826155,16.87,0.03,42.83,c,22.267,58607.4188656,10013.4,3025.59,636.0,186.4,385.5,9.0,191.2,7412.7,572.7,2.63,3.07,2.54,1.0,3.0,-0.389
02a58607o0425c,185.73394375,15.826155,16.94,0.03,37.1,c,22.263,58607.4298803,10087.2,2992.28,481.0,184.5,330.2,8.9,189.2,6521.4,621.3,1.33,3.21,2.69,1.0,3.0,-0.381
01a58609o0192o,185.7339485,15.8261465,16.29,0.02,47.66,o,22.238,58609.374976,5297.31,9467.98,508.0,184.7,352.7,7.4,191.9,12583.5,645.4,2.66,4.27,3.29,1.0,3.0,-0.396
01a58609o0219o,185.7339485,15.8261465,16.3,0.02,48.2,o,22.241,58609.3875323,5317.34,9505.05,558.0,181.5,380.8,7.9,191.6,14729.4,608.1,2.68,4.17,3.1,1.0,3.0,-0.398
01a58609o0237o,185.7339485,15.8261465,16.24,0.02,52.48,o,22.24,58609.3966668,5259.57,9428.62,636.0,181.4,430.3,8.2,193.8,19663.1,656.0,2.8,3.98,3.05,1.0,3.0,-0.389
01a58609o0257o,185.7339485,15.8261465,16.25,0.02,56.29,o,22.239,58609.4059928,5242.83,9545.39,762.0,180.5,551.6,9.8,189.3,17941.8,698.9,2.41,3.13,2.92,1.0,3.0,-0.417
02a58611o0330c,185.73394375,15.826145,16.68,0.02,52.72,c,22.298,58611.3932478,9617.8,5691.22,736.0,178.9,648.5,12.3,168.7,-86.7,939.0,1.99,2.48,2.27,1.0,3.0,-0.407
02a58611o0334c,185.73394375,15.826145,16.75,0.02,47.31,c,22.298,58611.3957208,9598.28,5651.53,725.0,180.3,586.6,12.4,174.6,1852.5,694.4,1.75,2.53,2.3,1.0,3.0,-0.402
02a58611o0345c,185.73394375,15.826145,16.73,0.02,48.09,c,22.296,58611.4025525,9657.0,5729.11,632.0,180.9,605.9,12.6,177.3,3281.6,676.3,1.56,2.51,2.28,1.0,3.0,-0.405
02a58611o0375c,185.73394375,15.826145,16.73,0.02,50.16,c,22.29,58611.418353,9673.82,5609.59,655.0,178.8,606.9,12.1,168.4,-912.2,678.3,2.2,2.5,2.28,1.0,3.0,-0.402
01a58613o0207o,185.733943929,15.8261403571,15.79,0.01,73.74,o,22.244,58613.3357678,925.35,4960.43,1205.0,181.9,980.8,13.3,170.8,9602.2,723.7,4.12,2.88,2.7,1.0,3.0,-0.445
01a58613o0213o,185.733943929,15.8261403571,15.8,0.01,75.77,o,22.244,58613.3388628,946.0,4999.17,1125.0,184.8,985.0,13.0,172.5,17736.9,843.5,6.12,2.86,2.69,1.0,3.0,-0.445
01a58613o0225o,185.733943929,15.8261403571,15.76,0.01,74.44,o,22.245,58613.3450851,886.67,4920.3,1206.0,182.2,997.5,13.4,171.6,10055.2,779.7,3.5,2.9,2.71,1.0,3.0,-0.442
01a58613o0268o,185.733943929,15.8261403571,15.8,0.02,70.47,o,22.221,58613.3689271,875.91,5035.51,1032.0,192.0,866.8,12.3,194.2,24743.0,755.9,3.3,3.02,2.84,1.0,3.0,-0.432
02a58615o0198o,185.733946176,15.8261488235,15.78,0.02,65.11,o,22.221,58615.3231932,66.0,7100.16,1388.0,161.7,1757.9,27.0,160.2,8483.3,1340.1,9.6,2.21,1.93,1.0,3.0,-0.434
02a58615o0244o,185.733946176,15.8261488235,15.83,0.3,3.11,o,22.219,58615.3461285,10504.8,3426.72,1571.0,161.3,1725.7,554.9,176.9,13674.9,22172.6,0.01,2.17,1.92,1.0,3.0,-0.441
02a58615o0250o,185.733946176,15.8261488235,None,None,None,o,22.219,58615.3488967,None,None,None,None,None,None,None,None,None,None,None,None,1.0,3.0,-0.437
02a58615o0263o,185.733946176,15.8261488235,None,None,None,o,22.219,58615.3550328,None,None,None,None,None,None,None,None,None,None,None,None,1.0,3.0,-0.438
02a58615o0492o,185.733946176,15.8261488235,15.69,0.01,80.02,o,22.163,58615.4720786,306.9,3442.17,1589.0,169.9,1688.5,21.1,145.0,-2023.4,1114.4,2.54,2.3,2.02,1.0,3.0,-0.416
02a58615o0499o,185.733946176,15.8261488235,15.66,0.01,80.4,o,22.159,58615.4755835,287.2,3402.82,1713.0,175.3,1624.0,20.2,160.1,4493.5,1025.7,3.01,2.36,2.09,1.0,3.0,-0.417
02a58615o0532o,185.733946176,15.8261488235,15.63,0.01,88.96,o,22.133,58615.4921476,348.97,3478.56,1937.0,174.1,1770.4,19.9,161.3,4873.5,876.8,6.15,2.31,1.96,1.0,3.0,-0.42
02a58615o0554o,185.733946176,15.8261488235,15.68,0.01,74.11,o,21.962,58615.505879,384.82,3361.62,1430.0,180.8,1267.3,17.1,188.5,12639.7,797.1,2.66,2.5,2.08,1.0,3.0,-0.395
02a58623o0109o,185.733945789,15.8261468421,16.1,0.04,28.01,o,21.746,58623.2852641,4995.32,7789.69,1031.0,206.3,876.8,31.3,233.6,29758.4,1633.4,1.43,2.17,1.88,1.0,3.0,-0.458
02a58623o0128o,185.733945789,15.8261468421,15.99,0.06,17.28,o,21.43,58623.2950065,4971.39,7750.76,723.0,223.4,654.8,37.9,214.5,2357.8,2636.0,2.05,2.25,1.98,1.0,3.0,-0.463
02a58623o0156o,185.733945789,15.8261468421,16.19,0.04,23.73,o,21.864,58623.3094938,5024.26,7829.42,1078.0,160.6,866.1,36.5,130.0,-16797.1,1924.9,1.48,2.22,1.92,1.0,3.0,-0.453
02a58623o0174o,185.733945789,15.8261468421,16.18,0.04,26.0,o,21.892,58623.3188413,5041.8,7711.85,912.0,203.2,847.6,32.6,200.3,7705.0,1885.7,1.68,2.31,1.99,1.0,3.0,-0.43
01a58625o0276o,185.733946667,15.826142619,16.27,0.02,51.34,o,22.238,58625.370428,5151.74,5197.76,707.0,185.2,559.6,10.9,188.7,14958.4,769.3,1.98,3.06,2.87,1.0,3.0,-0.43
01a58625o0285o,185.733946667,15.826142619,16.29,0.02,49.42,o,22.238,58625.3748207,5171.68,5236.84,668.0,182.1,573.3,11.6,187.6,18094.1,867.2,1.68,3.01,2.81,1.0,3.0,-0.433
01a58625o0295o,185.733946667,15.826142619,16.32,0.02,46.68,o,22.235,58625.3795427,5113.44,5160.81,716.0,182.7,541.5,11.6,193.6,15900.6,954.7,1.79,3.04,2.85,1.0,3.0,-0.43
01a58625o0321o,185.733946667,15.826142619,16.31,0.02,43.48,o,22.231,58625.3923856,5097.18,5278.04,679.0,183.1,487.0,11.2,191.2,14328.9,848.7,2.4,3.26,3.02,1.0,3.0,-0.4165
02a58627o0227o,185.733946304,15.8261415217,16.43,0.02,54.98,o,22.209,58627.3341168,8486.45,1601.22,1217.0,182.9,978.7,17.8,186.2,9334.4,690.0,2.53,2.2,1.92,1.0,3.0,-0.439
02a58627o0233o,185.733946304,15.8261415217,16.46,0.02,55.31,o,22.209,58627.3370202,8467.5,1562.25,1246.0,184.4,968.0,17.5,184.8,9786.1,858.3,2.03,2.17,1.91,1.0,3.0,-0.437
02a58627o0260o,185.733946304,15.8261415217,16.44,0.02,55.94,o,22.206,58627.3505572,8526.58,1639.9,1151.0,179.6,956.6,17.1,184.0,5325.7,689.9,3.12,2.2,1.93,1.0,3.0,-0.434
02a58627o0273o,185.733946304,15.8261415217,16.44,0.02,56.1,o,22.205,58627.3567245,8546.91,1522.65,1050.0,182.2,953.7,17.0,187.3,9142.7,653.8,1.95,2.2,1.94,1.0,3.0,-0.435
01a58629o0159o,185.7339494,15.8261388,16.57,0.02,47.36,o,22.169,58629.3046473,5145.93,5205.2,554.0,182.9,459.4,9.7,185.7,15009.9,614.6,2.3,2.89,2.62,1.0,3.0,-0.443
01a58629o0184o,185.7339494,15.8261388,16.6,0.03,31.81,o,21.563,58629.316881,5167.34,5243.75,412.0,180.6,257.7,8.1,180.5,5411.6,454.0,1.6,2.88,2.63,1.0,3.0,-0.438
01a58629o0190o,185.7339494,15.8261388,16.6,0.03,35.39,o,21.809,58629.3197098,5108.97,5166.58,459.0,180.1,300.8,8.5,182.9,9336.5,572.0,1.64,2.95,2.72,1.0,3.0,-0.444
01a58629o0217o,185.7339494,15.8261388,16.59,0.02,43.63,o,22.049,58629.3332319,5092.84,5280.46,575.0,182.0,397.0,9.1,185.6,12432.2,581.8,2.23,2.91,2.65,1.0,3.0,-0.441
02a58631o0239o,185.733948889,15.8261388889,16.69,0.02,45.69,o,22.199,58631.3473959,8488.21,1601.09,811.0,183.5,753.9,16.5,183.3,7877.1,652.8,1.91,2.22,1.92,1.0,3.0,-0.44
02a58631o0262o,185.733948889,15.8261388889,16.68,0.02,46.47,o,22.194,58631.3592521,8468.62,1561.3,1006.0,182.2,738.8,15.9,186.2,8053.8,651.1,2.2,2.22,1.96,1.0,3.0,-0.438
02a58631o0270o,185.733948889,15.8261388889,16.72,0.02,45.98,o,22.192,58631.363581,8515.01,1641.77,876.0,183.1,777.0,16.9,182.9,5811.5,753.1,1.8,2.12,1.88,1.0,3.0,-0.446
02a58631o0283o,185.733948889,15.8261388889,16.74,0.02,43.84,o,22.191,58631.3700785,8547.02,1523.81,908.0,182.2,758.4,17.3,185.3,11803.3,943.8,2.01,2.13,1.88,1.0,3.0,-0.445
01a58633o0311o,185.733947759,15.8261391379,16.78,0.03,37.27,o,22.223,58633.3771139,4099.1,8895.95,529.0,182.7,369.0,9.9,177.7,6110.2,645.4,3.52,2.95,2.77,1.0,3.0,-0.438
01a58633o0335o,185.733947759,15.8261391379,16.79,0.03,33.82,o,22.219,58633.3885736,4119.04,8935.97,522.0,184.0,385.6,11.4,181.7,7320.2,812.1,2.16,2.87,2.68,1.0,3.0,-0.4425
01a58633o0362o,185.733947759,15.8261391379,16.81,0.03,33.28,o,22.205,58633.4017832,4059.05,8860.35,531.0,181.8,349.4,10.5,189.8,14703.0,743.9,2.0,2.98,2.78,1.0,3.0,-0.433
01a58633o0378o,185.733947759,15.8261391379,16.69,0.03,35.52,o,22.206,58633.4097207,4040.88,8977.4,649.0,183.6,401.4,11.3,182.8,7989.9,706.1,2.08,2.93,2.75,1.0,3.0,-0.439
02a58635o0230c,185.733949194,15.8261437097,18.06,0.07,15.97,c,22.26,58635.3381138,3119.21,9841.76,340.0,181.9,172.5,10.8,187.9,6246.0,607.6,1.8,2.51,2.29,1.0,3.0,-0.403
02a58635o0238c,185.733949194,15.8261437097,17.92,0.06,16.77,c,22.258,58635.3419768,3099.39,9801.43,372.0,180.5,192.9,11.5,175.9,-2164.3,684.3,1.83,2.53,2.3,1.0,3.0,-0.399
02a58635o0271c,185.733949194,15.8261437097,17.94,0.07,16.18,c,22.249,58635.3577475,3158.79,9878.67,374.0,178.3,189.3,11.7,176.4,-2709.5,743.9,1.35,2.51,2.3,1.0,3.0,-0.403
02a58635o0303c,185.733949194,15.8261437097,18.12,0.08,13.75,c,22.238,58635.3731231,3179.62,9760.7,369.0,180.2,158.1,11.5,180.5,1832.0,615.5,1.57,2.53,2.29,1.0,3.0,-0.404
02a58639o0105c,185.73394697,15.8261490909,18.14,0.08,13.89,c,22.261,58639.2935244,3120.37,9842.41,362.0,178.7,158.3,11.4,175.4,1614.7,738.2,1.7,2.53,2.31,1.0,3.0,-0.402
02a58639o0111c,185.73394697,15.8261490909,18.18,0.08,12.97,c,22.27,58639.2967665,3102.1,9802.06,373.0,179.5,151.8,11.7,176.4,242.5,714.1,1.53,2.56,2.31,1.0,3.0,-0.399
02a58639o0134c,185.73394697,15.8261490909,18.13,0.08,12.93,c,22.27,58639.3084842,3157.66,9878.27,325.0,180.4,162.9,12.6,182.3,1186.9,665.0,1.63,2.49,2.3,1.0,3.0,-0.4
02a58639o0159c,185.73394697,15.8261490909,17.98,0.07,15.3,c,22.259,58639.3219912,3176.91,9759.81,333.0,180.2,182.1,11.9,174.7,2402.0,654.7,1.96,2.54,2.3,1.0,3.0,-0.403
01a58641o0119o,185.733951857,15.8261487143,17.29,0.05,23.39,o,22.233,58641.2963438,7455.05,2629.53,399.0,181.6,217.5,9.3,195.5,14763.8,633.7,1.85,3.05,2.86,1.0,3.0,-0.441
01a58641o0126o,185.733951857,15.8261487143,17.15,0.04,26.99,o,22.233,58641.2997581,7475.35,2667.92,447.0,182.1,253.7,9.4,187.7,8157.1,597.7,1.95,3.02,2.83,1.0,3.0,-0.444
01a58641o0153o,185.733951857,15.8261487143,17.18,0.04,25.88,o,22.23,58641.3126583,7418.65,2593.37,422.0,184.1,232.9,9.0,192.5,13845.2,814.2,1.64,3.09,2.92,1.0,3.0,-0.437
01a58641o0179o,185.733951857,15.8261487143,17.17,0.04,25.31,o,22.229,58641.3251311,7402.86,2712.22,424.0,180.5,245.5,9.7,182.9,7676.6,660.3,1.8,3.02,2.85,1.0,3.0,-0.442
02a58643o0262o,185.733951486,15.8261489189,17.15,0.04,26.42,o,22.174,58643.3566021,5045.58,9733.73,635.0,179.8,520.4,19.7,174.3,6468.8,963.8,1.92,2.12,1.85,1.0,3.0,-0.4465
02a58643o0268o,185.733951486,15.8261489189,17.1,0.04,25.73,o,22.167,58643.3593437,5026.38,9694.66,700.0,181.7,504.3,19.6,181.1,663.1,872.9,1.34,2.15,1.97,1.0,3.0,-0.429
02a58643o0312o,185.733951486,15.8261489189,17.05,0.04,24.65,o,22.158,58643.3809357,5087.43,9772.8,649.0,178.2,456.0,18.5,184.6,7780.1,931.6,1.47,2.32,2.11,1.0,3.0,-0.385
02a58643o0325o,185.733951486,15.8261489189,16.87,0.04,27.83,o,22.152,58643.3874061,5093.08,9657.16,624.0,182.2,503.8,18.1,175.0,1608.7,1089.0,1.39,2.38,2.18,1.0,3.0,-0.37
02a58647o0111o,185.733950256,15.8261508974,17.33,0.06,17.07,o,22.186,58647.2868918,5045.74,9735.57,576.0,168.7,447.2,26.2,174.3,9170.3,1296.5,1.46,2.13,1.82,1.0,3.0,-0.447
02a58647o0117o,185.733950256,15.8261508974,17.36,0.07,15.27,o,22.187,58647.2900985,5025.84,9694.92,454.0,169.6,421.5,27.6,168.0,1054.2,1625.1,1.08,2.17,1.86,1.0,3.0,-0.444
02a58647o0130o,185.733950256,15.8261508974,17.4,0.07,14.49,o,22.186,58647.2973355,5082.14,9774.96,443.0,163.8,404.2,27.9,169.6,4513.1,1635.8,1.21,2.18,1.85,1.0,3.0,-0.445
02a58647o0150o,185.733950256,15.8261508974,17.34,0.07,15.9,o,22.18,58647.3080891,5101.25,9656.39,664.0,176.7,434.1,27.3,168.5,-827.1,1394.4,1.27,2.16,1.84,1.0,3.0,-0.445
01a58649o0002o,185.733949753,15.8261466667,17.65,0.11,9.25,o,22.228,58649.330031,1226.3,2591.16,263.0,195.4,111.0,12.0,204.5,10976.4,1198.9,1.95,3.84,3.37,1.0,3.0,-0.376
01a58649o0025o,185.733949753,15.8261466667,17.47,0.1,10.02,o,22.204,58649.3752167,1302.86,2551.98,272.0,193.8,167.3,16.7,193.8,5966.0,1414.2,1.3,3.21,2.92,1.0,3.0,-0.435
01a58649o0045o,185.733949753,15.8261466667,17.41,0.1,10.41,o,22.198,58649.3844744,1246.27,2473.72,351.0,199.8,193.6,18.6,214.7,8258.5,1380.6,1.51,3.05,2.79,1.0,3.0,-0.4435
01a58649o0060o,185.733949753,15.8261466667,17.34,0.1,10.8,o,22.19,58649.3914165,1229.07,2591.13,404.0,192.7,212.7,19.7,205.7,11999.3,1751.6,1.34,2.94,2.77,1.0,3.0,-0.449
01a58653o0053o,185.733948095,15.8261464286,17.35,0.06,19.17,o,22.243,58653.2571738,1271.72,2521.28,349.0,183.1,134.2,7.0,195.0,14371.0,837.0,4.22,3.85,3.63,1.0,3.0,-0.4
01a58653o0074o,185.733948095,15.8261464286,17.35,0.06,18.86,o,22.246,58653.2675232,1292.26,2559.59,352.0,184.6,158.4,8.4,189.6,12211.6,793.1,3.39,3.53,3.34,1.0,3.0,-0.408
01a58653o0080o,185.733948095,15.8261464286,17.63,0.06,16.65,o,22.247,58653.2703622,1232.59,2481.23,336.0,183.2,148.2,8.9,196.2,13605.5,763.3,2.74,3.2,3.03,1.0,3.0,-0.418
01a58653o0107o,185.733948095,15.8261464286,17.59,0.07,15.76,o,22.246,58653.283353,1214.55,2598.28,338.0,186.8,162.3,10.3,191.8,8997.0,952.1,1.74,3.1,2.94,1.0,3.0,-0.421
02a58655o0103o,185.73394686,15.8261455814,17.65,0.09,11.81,o,21.421,58655.2846666,6608.45,3633.2,289.0,184.7,153.5,13.0,177.4,-1135.2,741.3,1.43,2.23,1.88,1.0,3.0,-0.439
02a58655o0109o,185.73394686,15.8261455814,17.76,0.22,4.52,o,20.696,58655.2877461,6588.82,3594.62,358.0,186.9,73.3,16.2,289.1,82921.2,1231.7,5.38,2.19,1.86,1.0,3.0,-0.441
02a58655o0120o,185.73394686,15.8261455814,17.5,0.08,12.32,o,21.21,58655.2931831,6643.27,3672.87,325.0,191.3,136.8,11.1,194.9,5707.7,654.4,1.25,2.29,1.97,1.0,3.0,-0.428
02a58659o0120o,185.733947303,15.8261450562,17.98,0.19,5.28,o,20.893,58659.2917776,1101.35,8000.12,209.0,175.5,72.3,13.7,163.8,-12669.5,1024.0,1.11,2.16,1.88,1.0,3.0,-0.439
02a58659o0127o,185.733947303,15.8261450562,17.7,0.11,9.33,o,21.398,58659.2950114,1081.8,7961.39,330.0,180.2,147.4,15.8,182.3,5023.8,835.9,1.31,2.17,1.88,1.0,3.0,-0.439
02a58659o0141o,185.733947303,15.8261450562,17.64,0.12,8.84,o,21.355,58659.3014829,1140.06,8037.48,291.0,179.3,142.3,16.1,185.6,10281.0,816.4,1.35,2.22,1.95,1.0,3.0,-0.432
02a58659o0162o,185.733947303,15.8261450562,17.7,0.05,19.9,o,22.141,58659.3113484,1163.35,7918.8,429.0,181.3,292.6,14.7,175.4,4766.8,761.3,1.59,2.16,1.9,1.0,3.0,-0.437
02a58663o0027c,185.733947303,15.8261450562,18.55,0.7,1.11,c,22.262,58663.2468345,1114.39,8004.68,330.0,227.9,106.8,96.0,227.5,15142.4,6685.8,1.11,2.56,2.28,1.0,3.0,-0.421
02a58663o0033c,185.733947303,15.8261450562,>18.58,0.0,3.0,c,22.243,58663.2497781,1095.42,7964.57,182.0,192.9,23.3,50.2,192.5,3052.9,3153.3,1.25,2.55,2.27,1.0,3.0,-0.403
02a58663o0048c,185.733947303,15.8261450562,18.75,0.17,5.84,c,22.187,58663.2570593,1155.01,8040.2,266.0,181.4,87.6,15.0,178.7,796.1,943.1,1.26,2.49,2.26,1.0,3.0,-0.4
02a58663o0073c,185.733947303,15.8261450562,19.31,0.22,4.44,c,22.178,58663.2695887,1167.07,7923.2,225.0,182.1,52.0,11.7,182.7,2342.4,654.2,1.83,2.48,2.25,1.0,3.0,-0.401
01a58665o0102o,185.733947849,15.8261443011,18.15,0.1,10.28,o,22.238,58665.2807024,3510.71,941.27,322.0,187.5,110.0,10.7,198.2,14061.1,877.2,1.89,2.92,2.68,1.0,3.0,-0.444
01a58665o0109o,185.733947849,15.8261443011,18.04,0.1,10.48,o,22.237,58665.2840244,3531.59,980.09,228.0,184.2,104.8,10.0,181.3,4846.3,809.1,1.58,3.31,2.83,1.0,3.0,-0.41
01a58665o0125o,185.733947849,15.8261443011,18.1,0.09,10.99,o,22.233,58665.2915748,3471.18,903.17,278.0,188.4,113.2,10.3,206.2,16753.7,954.7,2.22,2.94,2.67,1.0,3.0,-0.453
01a58665o0147o,185.733947849,15.8261443011,17.93,0.08,13.21,o,22.228,58665.3020332,3452.83,1020.25,307.0,188.0,144.0,10.9,196.7,12327.4,794.6,2.54,2.77,2.59,1.0,3.0,-0.454
02a58667o0087c,185.733946146,15.8261465625,19.18,0.17,5.81,c,22.262,58667.2760001,2214.95,1396.02,212.0,181.3,56.4,9.7,173.7,-3468.3,658.7,1.72,2.64,2.4,1.0,3.0,-0.395
02a58667o0093c,185.733946146,15.8261465625,19.53,0.25,3.89,c,22.26,58667.278788,2195.72,1356.33,226.0,182.9,41.2,10.6,180.3,-1101.7,611.0,1.49,2.63,2.38,1.0,3.0,-0.394
02a58667o0109c,185.733946146,15.8261465625,18.87,0.13,7.57,c,22.255,58667.2862921,2256.1,1433.05,259.0,181.5,78.7,10.4,175.7,-2013.7,583.4,1.24,2.58,2.32,1.0,3.0,-0.394
01a58671o0031o,185.733945051,15.8261419192,17.94,0.2,4.88,o,22.26,58671.2468069,2732.93,1037.64,317.0,207.3,140.4,28.8,219.2,17211.4,2256.9,1.07,2.78,2.67,1.0,3.0,-0.466
01a58671o0038o,185.733945051,15.8261419192,18.26,0.17,5.75,o,22.25,58671.250079,2756.04,1089.3,291.0,190.1,101.7,17.7,191.3,7767.5,1393.0,1.28,2.83,2.73,1.0,3.0,-0.4445
01a58671o0050o,185.733945051,15.8261419192,18.08,0.1,10.07,o,22.244,58671.2557392,2701.02,1031.81,261.0,184.9,122.8,12.2,188.9,6913.2,1003.9,1.6,2.81,2.69,1.0,3.0,-0.44
01a58671o0078o,185.733945051,15.8261419192,18.36,0.12,8.4,o,22.238,58671.269833,2698.1,1200.15,259.0,183.2,90.7,10.8,195.8,10393.6,968.0,2.07,2.88,2.74,1.0,3.0,-0.43
01a58681o0121o,185.733945051,15.8261419192,18.78,0.33,2.81,o,22.193,58681.2901768,9298.46,536.35,282.0,190.5,56.2,20.0,193.3,3445.2,1399.6,1.21,3.01,2.74,1.0,3.0,-0.441
01a58681o0128o,185.733945051,15.8261419192,18.18,0.19,5.16,o,22.188,58681.2933973,9318.61,576.13,236.0,189.9,99.1,19.2,188.6,4924.9,1765.3,1.66,2.97,2.72,1.0,3.0,-0.444
01a58681o0144o,185.733945051,15.8261419192,19.03,0.43,2.04,o,22.181,58681.3007778,9259.38,501.4,239.0,178.2,45.5,22.3,205.9,22898.0,2090.4,1.27,2.95,2.69,1.0,3.0,-0.45
01a58681o0173o,185.733945051,15.8261419192,>17.45,0.0,3.0,o,22.155,58681.3152506,9233.74,626.63,425.0,495.1,-126.7,89.4,428.9,-26153.6,12573.8,0.52,3.09,2.75,1.0,3.0,-0.445
01a58689o0042o,185.733943786,15.8261400971,18.23,0.16,6.25,o,22.247,58689.2493747,9023.08,4927.89,318.0,173.0,99.3,15.9,171.2,4743.5,1361.7,1.49,2.99,2.73,1.0,3.0,-0.439
01a58689o0073o,185.733943786,15.8261400971,18.28,0.11,9.02,o,22.229,58689.2645174,9043.54,4969.36,334.0,181.6,93.8,10.4,190.2,9600.3,694.1,2.24,2.99,2.73,1.0,3.0,-0.436
01a58689o0100o,185.733943786,15.8261400971,18.67,0.16,6.15,o,22.216,58689.277693,8982.88,4896.92,255.0,181.3,62.1,10.1,190.6,13744.3,784.3,1.83,3.08,2.76,1.0,3.0,-0.431
01a58689o0107o,185.733943786,15.8261400971,18.66,0.18,5.51,o,22.213,58689.2809294,8965.08,5014.6,307.0,193.5,60.1,10.9,205.0,13417.3,1039.0,1.7,3.13,2.85,1.0,3.0,-0.423

