###MJD,m,dm,uJy,duJy,F,err,chi/N,RA,Dec,x,y,maj,min,phi,apfit,Sky,ZP,Obs
58464.531188,20.353,0.526,26,14,o,0,1.17,127.22267,1.11075,3277.60,3624.32,4.21,3.73,-9.2,-0.373,19.14,21.33,01a58464o0727o
58464.539221,-23.167,6.500,-2,13,o,0,1.09,127.22267,1.11075,3337.60,3672.89,3.65,3.06,-87.8,-0.404,19.30,21.39,01a58464o0744o
58464.523057,22.815,5.333,3,14,o,0,0.91,127.22267,1.11075,3296.87,3693.37,3.87,3.59,-2.8,-0.381,19.14,21.30,01a58464o0710o
58468.530986,-20.253,0.523,-29,15,o,0,0.75,127.22267,1.11075,9190.06,1574.38,3.42,2.91,-85.1,-0.413,19.33,21.26,01a58468o0716o
58468.522065,21.549,1.459,9,13,o,0,1.23,127.22267,1.11075,9169.39,1725.92,3.49,3.05,-85.7,-0.409,19.27,21.23,01a58468o0698o
58468.504188,20.278,0.614,28,17,o,0,0.95,127.22267,1.11075,9126.89,1751.13,4.27,3.41,-4.8,-0.395,19.11,21.20,01a58468o0662o
58468.513175,21.056,1.217,14,17,o,0,0.84,127.22267,1.11075,9108.35,1679.57,3.86,3.44,-9.6,-0.417,19.14,21.19,01a58468o0680o
58470.506565,21.720,1.803,7,13,o,0,1.26,127.22267,1.11075,1875.14,1146.70,2.20,1.97,14.0,-0.442,19.36,20.29,02a58470o0664o
58464.547338,24.268,17.333,1,12,o,0,1.11,127.22267,1.11075,3357.15,3526.59,3.63,2.96,-87.9,-0.410,19.32,21.38,01a58464o0761o
58470.514872,20.906,0.871,16,14,o,0,0.93,127.22267,1.11075,1892.67,1184.52,2.14,1.95,36.2,-0.450,19.42,20.40,02a58470o0681o
58474.500436,-22.077,5.283,-5,28,o,0,1.16,127.22267,1.11075,1880.37,7017.80,2.15,1.93,-34.7,-0.445,18.66,18.87,02a58474o0664o
58470.532010,-22.142,2.681,-5,14,o,0,0.68,127.22267,1.11075,1814.72,1227.76,2.20,2.01,27.4,-0.447,19.54,20.70,02a58470o0715o
58472.495505,21.628,2.500,8,20,o,0,1.13,127.22267,1.11075,5218.15,1764.37,3.40,3.01,-81.4,-0.411,18.77,19.97,01a58472o0644o
58472.503562,21.583,2.421,8,20,o,0,1.17,127.22267,1.11075,5199.87,1696.06,3.44,2.91,-86.9,-0.420,18.79,19.98,01a58472o0661o
58472.519953,-21.117,1.732,-13,22,o,0,0.94,127.22267,1.11075,5279.49,1597.14,3.56,2.95,-86.0,-0.414,18.80,20.04,01a58472o0695o
58474.509055,-23.433,18.400,-2,28,o,0,1.42,127.22267,1.11075,1827.50,6938.39,2.16,1.94,8.0,-0.448,18.64,18.89,02a58474o0682o
58474.517941,20.118,0.823,33,27,o,0,1.25,127.22267,1.11075,1805.10,7054.59,2.12,1.91,3.7,-0.455,18.66,18.90,02a58474o0701o
58474.491488,21.658,3.392,8,27,o,0,1.25,127.22267,1.11075,1861.67,6979.53,2.12,1.92,-36.9,-0.451,18.64,18.86,02a58474o0647o
58470.523358,-22.214,2.524,-5,12,o,0,1.32,127.22267,1.11075,1833.39,1108.58,2.25,2.06,43.8,-0.445,19.45,20.53,02a58470o0698o
58472.511687,-21.093,1.373,-13,18,o,0,1.65,127.22267,1.11075,5259.63,1744.71,3.48,2.93,-88.7,-0.413,18.79,20.00,01a58472o0678o
58476.494652,21.652,8.138,8,65,o,0,0.90,127.22267,1.11075,9119.94,5587.68,3.80,3.36,-8.5,-0.380,18.05,18.88,01a58476o0647o
58476.503508,20.448,2.392,24,58,o,0,0.95,127.22267,1.11075,9101.97,5520.22,3.50,3.22,-80.0,-0.409,18.10,18.90,01a58476o0664o
58476.512098,-19.813,1.241,-43,54,o,0,1.42,127.22267,1.11075,9161.02,5565.08,3.43,2.97,-85.9,-0.419,18.16,18.92,01a58476o0681o
58478.516875,-24.549,45.000,-1,25,o,0,1.25,127.22267,1.11075,7687.91,8980.27,2.23,2.00,38.0,-0.449,18.88,19.41,02a58478o0700o
58476.520178,-20.642,2.699,-20,54,o,0,0.98,127.22267,1.11075,9180.60,5418.33,3.42,2.83,-87.3,-0.428,18.20,18.93,01a58476o0698o
58478.506438,20.729,1.430,19,26,o,0,1.21,127.22267,1.11075,7667.15,8943.33,2.21,1.99,30.8,-0.444,18.88,19.39,02a58478o0678o
58478.523067,-20.412,0.900,-25,22,o,0,1.44,127.22267,1.11075,7629.53,8905.98,2.11,1.90,38.3,-0.456,18.95,19.41,02a58478o0712o
58478.532174,-25.658,115.500,-0,23,o,0,0.55,127.22267,1.11075,7611.49,9019.36,2.09,1.90,38.1,-0.463,18.92,19.43,02a58478o0729o
58480.507697,18.616,0.118,130,15,o,0,1.23,127.22267,1.11075,3312.36,9369.35,3.52,2.81,89.6,-0.420,19.16,20.72,01a58480o0622o
58480.498668,18.741,0.127,116,15,o,0,1.45,127.22267,1.11075,3330.33,9442.18,3.46,2.72,-87.4,-0.430,19.16,20.72,01a58480o0605o
58482.511431,18.496,0.660,145,96,o,0,1.59,127.22267,1.11075,8722.48,7422.23,2.30,2.15,45.9,-0.435,16.93,17.90,02a58482o0322o
58480.517487,18.746,0.139,115,16,o,0,0.98,127.22267,1.11075,3372.14,9410.66,3.42,2.79,89.8,-0.420,19.19,20.77,01a58480o0639o
58482.515173,17.887,0.607,254,154,o,0,1.49,127.22267,1.11075,8780.59,7500.90,2.31,2.18,32.1,-0.432,16.61,17.43,02a58482o0330o
58482.502175,18.691,0.155,121,19,o,0,1.21,127.22267,1.11075,1867.43,3101.71,2.36,2.14,-0.3,-0.423,18.82,19.97,02a58482o0305o
58482.528279,18.718,0.449,118,53,o,0,0.80,127.22267,1.11075,8793.05,7384.22,2.32,2.17,55.5,-0.426,17.96,18.82,02a58482o0358o
58480.526930,18.525,0.096,141,14,o,0,1.37,127.22267,1.11075,6931.40,1021.89,3.29,2.77,89.0,-0.432,19.25,20.83,01a58480o0656o
58486.503433,20.765,0.797,18,14,c,0,0.82,127.22267,1.11075,951.54,9384.33,2.68,2.53,80.7,-0.407,19.68,21.74,02a58486o0652c
58486.520764,22.906,5.000,2,12,c,0,0.83,127.22267,1.11075,988.34,9426.32,2.72,2.56,-89.6,-0.404,19.68,21.75,02a58486o0687c
58486.529512,-21.852,1.951,-7,13,c,0,0.92,127.22267,1.11075,1007.54,9309.57,2.78,2.59,-79.3,-0.399,19.65,21.72,02a58486o0705c
58486.512411,22.718,4.000,3,12,c,0,0.93,127.22267,1.11075,931.29,9346.27,2.81,2.65,85.4,-0.395,19.60,21.75,02a58486o0670c
58488.484368,22.738,4.083,3,12,o,0,1.12,127.22267,1.11075,5061.64,4767.29,3.47,3.20,-79.7,-0.398,19.28,21.35,01a58488o0628o
58488.492473,24.010,12.750,1,12,o,0,1.18,127.22267,1.11075,5223.95,5443.54,3.45,2.94,-88.5,-0.417,19.33,21.32,01a58488o0645o
58488.510760,21.418,1.441,10,14,o,0,0.95,127.22267,1.11075,5017.84,4946.86,3.86,3.49,-8.9,-0.377,19.15,21.22,01a58488o0679o
58488.501441,20.619,0.648,20,13,o,0,1.02,127.22267,1.11075,5284.92,5489.42,3.52,2.99,-88.0,-0.412,19.32,21.27,01a58488o0662o
58490.492105,22.373,2.640,4,11,c,0,0.74,127.22267,1.11075,984.23,5487.91,2.78,2.61,71.8,-0.403,19.64,21.80,02a58490o0628c
58490.501004,-21.336,0.950,-11,10,c,0,1.23,127.22267,1.11075,963.35,5450.43,2.88,2.73,45.0,-0.402,19.61,21.80,02a58490o0646c
58490.517922,21.995,1.743,6,10,c,0,1.15,127.22267,1.11075,1041.24,5416.19,2.79,2.62,83.9,-0.404,19.64,21.75,02a58490o0681c
58490.509237,-23.226,5.636,-2,10,c,0,0.99,127.22267,1.11075,1021.36,5531.24,2.82,2.67,78.2,-0.399,19.60,21.77,02a58490o0663c
58492.492821,-21.278,1.018,-11,11,o,0,1.14,127.22267,1.11075,6956.91,2851.15,3.20,2.85,-84.3,-0.421,19.41,21.39,01a58492o0638o
58492.476535,20.856,0.700,16,12,o,0,0.99,127.22267,1.11075,6989.33,2825.94,3.23,2.88,-83.6,-0.415,19.40,21.34,01a58492o0604o
58492.484649,-22.525,3.250,-4,12,o,0,1.13,127.22267,1.11075,7012.25,2896.50,3.35,3.00,-86.9,-0.409,19.36,21.35,01a58492o0621o
58492.501771,21.955,1.640,6,10,o,0,1.66,127.22267,1.11075,6944.65,3001.95,3.44,3.19,-56.2,-0.399,19.31,21.41,01a58492o0655o
58492.506005,21.827,1.897,7,13,o,0,1.05,127.22267,1.11075,2832.81,7519.39,3.38,3.14,-77.7,-0.402,19.34,21.40,01a58492o0662o
58492.502173,23.204,4.500,2,8,c,0,1.27,127.22267,1.11075,7132.01,2905.82,2.74,2.56,-68.3,-0.401,19.64,21.79,02a58492o0652c
58492.513702,20.736,0.747,18,14,o,0,0.85,127.22267,1.11075,2712.77,7611.65,3.47,3.24,-20.1,-0.398,19.32,21.40,01a58492o0675o
58492.508462,-22.035,1.711,-6,10,c,0,1.11,127.22267,1.11075,7255.46,2846.77,2.61,2.46,73.5,-0.413,19.74,21.79,02a58492o0663c
58492.530564,21.308,0.814,11,9,c,0,1.21,127.22267,1.11075,7085.44,2716.95,2.77,2.50,-67.8,-0.393,19.65,21.80,02a58492o0705c
58492.515759,-22.461,2.760,-4,10,c,0,0.86,127.22267,1.11075,7018.52,2828.37,2.64,2.49,52.5,-0.415,19.73,21.79,02a58492o0677c
58492.521022,20.997,0.903,14,13,o,0,1.11,127.22267,1.11075,2950.92,7655.70,3.17,2.83,-86.5,-0.426,19.44,21.38,01a58492o0690o
58492.527788,21.904,2.233,6,14,o,0,0.71,127.22267,1.11075,2853.01,7467.46,3.26,2.83,-84.4,-0.438,19.42,21.36,01a58492o0704o
58492.523517,21.197,0.785,12,10,c,0,0.79,127.22267,1.11075,7117.57,3043.40,2.68,2.51,-79.1,-0.403,19.68,21.81,02a58492o0692c
58492.535682,22.692,3.562,3,11,o,0,1.38,127.22267,1.11075,2889.16,7822.52,3.12,2.69,-88.0,-0.435,19.46,21.38,01a58492o0720o
58492.538237,-22.545,2.682,-4,9,c,0,0.72,127.22267,1.11075,6983.07,3037.06,2.77,2.54,-71.4,-0.392,19.63,21.79,02a58492o0720c
58492.542683,22.700,3.733,3,11,o,0,1.09,127.22267,1.11075,2990.02,7529.54,3.21,2.79,88.9,-0.426,19.44,21.38,01a58492o0733o
58492.545950,20.905,0.519,16,8,c,0,1.39,127.22267,1.11075,7308.77,2962.30,2.64,2.49,87.5,-0.416,19.67,21.77,02a58492o0735c
58492.550789,22.493,3.235,4,12,o,0,1.25,127.22267,1.11075,2670.52,7640.73,3.37,2.84,89.9,-0.423,19.41,21.43,01a58492o0750o
58492.553082,-21.421,0.887,-10,9,c,0,1.04,127.22267,1.11075,7304.17,2680.15,2.74,2.54,-65.0,-0.399,19.65,21.77,02a58492o0748c
58492.559121,20.258,0.439,29,13,o,0,0.97,127.22267,1.11075,2675.88,7956.04,3.37,2.85,-88.4,-0.426,19.40,21.46,01a58492o0767o
