# Time (MJD), Flux and Flux Error (microjanskys) for Orange Filter (Raw data)
58676.5653253		-10.00283999924735		14.504117998908653
58676.5687351		-4.078865023039401		15.3557271455601
58676.5786118		-17.296751726370506		13.837401381096404
58676.5845486		-1.309895313366328		12.662321362541173
58676.6283582		130.58023774236258		111.9259180648822
58678.5568935		31.790160836190395		21.975748765957118
58678.5600976		-2.9332750816646787		21.510683932207638
58678.5656679		-14.416135247636984		21.321342887261423
58678.5758561		9.204394910563204		17.751333041800464
58680.6062664		2.300179753290727		27.410475393381166
58680.6095216		-11.306390056129981		27.7700808396175
58680.6161018		-15.042844994968435		26.369222402944672
58680.6194178		16.58025842239251		27.812046385948726
58680.6287221		-85.14311325451317		87.58651385563606
58682.591354		58.83293864248758		62.49908615433398
58682.5954436		5.118130395319857		29.710122782588442
58682.6007714		-38.179789211771016		28.634841908828264
58682.6156576		-23.350867237714752		23.238603452918046
58682.6268373		-120.82035639629288		110.60747140585661
58684.5288455		15.481572865580151		39.45304052841394
58684.5320645		-9.129768454012583		37.99957680859292
58684.5385099		13.380621956969133		33.22854452647335
58684.5490452		-41.51586042134506		30.173898553658006
58686.5322798		-0.6617584535859464		52.058331682094455
58686.535509		693.5366874549885		362.8287171160474
58686.5414677		108.7384102792644		313.0632848860896
58686.5515832		5.507328560302101		105.93508465992868
58688.5921612		36.7751803661344		17.96488696046795
58688.5993946		1.8321404767761043		17.038906434017772
58688.6026485		-7.5065313795398305		16.66083793995426
58688.6162773		-0.5408302837909617		17.847399365101733
58690.5845044		-4.65211433213499		11.428019989809865
58690.5877258		-15.413544748594834		11.804043763164396
58690.5947841		22.37662256542582		11.287322886984704
58690.6059311		-5.8255657601660005		11.256177909473287
58692.5373478		3.8827569722861766		13.896182848182105
58692.5404055		-20.02391229208004		13.633301986097047
58692.5455283		14.793997088101234		13.82070780598931
58692.5556424		-2.7477154470837837		14.327373402651158
58692.6304801		-71.33405178944106		95.37265006369107
58696.5764885		27.54116080826492		14.390876818733021
58696.5819515		-3.0789221471687322		11.842008258341279
58696.5887328		-32.08820577811167		29.352002184629285
58696.5919559		-8.756183230606101		14.679483651310226
58700.4958543		17.016945794485746		19.90117389524604
58700.4991361		23.773525127396994		18.405309776049283
58700.5024228		54.29856666880724		29.718968588277214
58700.5042735		24.737534109233813		16.89989953997162
58700.5144422		20.299151802131558		17.30041346772576
58700.631677		-2.3579857648079154		30.86817728475817
58704.5230988		579.0612011348237		16.186735738876934
58704.5263539		597.6256370753148		17.389107165736583
58704.5319339		574.9382159970423		16.35075614277303
58704.5422063		605.210694611367		15.835771277989476
58708.457095		798.4324325688301		47.624881082169466
58708.4603165		872.9903520757108		42.40169625679972
58708.4668014		784.1294385922268		39.18135567597291
58708.4778674		826.3210259896741		35.946415883365994
58712.5105815		826.1545169084761		141.08278088587954
58712.5138059		994.5020513144575		100.63594588354798
58712.5202375		933.6762868956524		173.88937557955944
58712.532259		877.6168724320216		89.24022349038003
# 
# 
# 
# 
# Time (MJD), Flux and Flux Error (microjanskys) for Cyan Filter (Raw data)
58694.5067344		0.0		11.014141890467807
58694.5099506		3.270316041565106		11.53216709394011
58694.5154812		7.606528325990213		11.24443317755075
58694.5265234		-2.710245807843054		9.884425887427609
58702.5182443		392.42744416635617		11.37276943543821
58702.5219438		389.14241289695406		12.156283148978584
58702.5276276		385.8199263396687		11.442568157602341
58702.5377854		400.47269097490556		11.34294526253481
58706.5337679		926.810676127657		16.498503603771535
58706.5378771		933.7959562667131		17.54282517162596
58706.5443761		945.6196890447821		14.640046343585075
58706.5583174		938.8696290843941		14.476841076559479
# 
# 
# 
# 
# Time (MJD), Flux, Flux Error (microjanskys) and No. Measurements per Weighted Mean for Orange Filter (Weighted Averages)
58676.58511580001		-7.447594563575985		62.35427336274519		5
58678.564628775		5.932918837670315		19.76521392404865		4
58680.61600594		-4.171497211494679		39.26918000475321		5
58682.60601278		-17.35346187575554		65.73491920973953		5
58684.537116274994		-8.941716230980163		26.50163505089713		4
58686.540209925		13.919434808779824		331.65594833311275		4
58688.6026204		6.888901095862953		19.823667371535514		4
58690.593236349996		-0.5424612261166274		16.23557694333701		4
58692.56188082		-1.5115309583284442		33.88616067234646		5
58696.58478217501		1.866523569291161		24.54401001316072		4
58700.52463431666		22.52147051494888		18.27198736387318		6
58704.530898225		589.177666126875		14.531885722373717		4
58708.465520075		820.6153428194488		39.15317210482746		4
58712.519220975		912.756821030501		72.48837493424737		4
# 
# 
# 
# 
# Time (MJD), Flux, Flux Error (microjanskys) and No. Measurements per Weighted Mean for Cyan Filter (Weighted Averages)
58694.5146724		1.6814027132867044		4.4432097825733585		4
58702.526400275		392.08756830743306		6.280222582202762		4
58706.543584625		937.0790512463564		7.95349804639111		4
# 
# 
# 
# 
