# Time (MJD), Flux and Flux Error (microjanskys) for Orange Filter (Raw data)
58343.6244393		53.75029558956711		17.607855451754748
58343.6365027		200.16402641759805		108.40526380020016
58343.637911		90.11831190766776		106.66462491366578
58347.6102891		51.40309325175475		13.527129803093354
58347.6149039		60.8682841039257		13.214824838352293
58347.6241528		50.61419632616721		14.489554242392968
58347.6384907		160.48326436737074		174.44739256557057
58361.5980446		77.53570049885306		20.797058593227433
58361.6054782		87.92188980966704		21.072188466779703
58361.6147739		69.7060201800996		20.123464159135892
58363.6077312		57.928297653327974		21.24783118558362
58367.5875077		91.14580019699589		15.645786061759772
58367.5953545		74.46774621575001		13.845761859209802
58367.59674		91.40373056290196		13.318308046091502
58367.6038939		74.70583952906212		14.043917613818468
58367.6052839		75.54068830704561		13.734670601281023
58367.6117534		96.5879651115505		12.866314301913857
58367.6131487		95.93875849959355		14.51833973204483
58367.6220161		80.04199561567549		13.216236485378976
58369.5818618		106.73969412887097		14.27550105045215
58369.5892187		106.13764206951035		13.136318031921462
58369.5966089		105.74352559237013		12.082298318348757
58369.6040413		87.2543051525796		11.77547038563574
58371.5778884		94.37716455063898		17.14071041072874
58371.5852692		129.54159064071476		15.830383709966863
58371.5931338		130.33046362339024		15.844970748734088
58371.6005254		50.58920447907883		13.756713498696877
58375.5550934		195.1974144909917		19.234781719915237
58375.5620105		174.66550848243577		16.814970732364454
58375.5643121		78.46474359867922		17.71061355513045
58375.5684649		150.30214830869122		16.878850879585645
58375.5707705		84.96138142793802		15.792821488957895
58375.5785096		113.95863091778502		17.84320943389118
58375.5808297		97.63091486503126		18.16389113768023
58375.5873023		132.54986238362784		23.77698562345489
58381.6272261		168.4958636985282		15.081419898942343
58381.64232		91.98732742179433		28.2752993014643
58381.6441482		194.24913061060818		38.87360202550115
58381.6492427		234.6831279550554		128.54989732915476
58383.5524087		118.217553277489		26.270567394997553
58383.5684862		156.3344721933299		22.65391921309371
58383.5749437		110.27320231667198		20.633239518712013
58383.5795549		160.85246464103577		21.712024694892662
58385.5771285		165.31389641487087		42.89649209139264
58385.5868244		157.41260649232194		79.31914431704317
58385.5964975		43.47209817092748		181.77069619821876
58385.6063549		151.4946243736496		33.677427151244544
58386.4885207		182.8685460700207		111.45032503360716
58386.4971231		246.344163361507		174.4661156960538
58386.5046156		72.56282697762862		113.32152127995619
58386.5057073		356.7634377283463		164.72185750970945
58386.5129593		175.48021547574206		81.09781084926459
58386.5140402		19.62090532251017		183.40676039055606
58386.5215192		141.9999692015198		45.56887180210846
58386.5298343		285.67058464227847		154.90128733456882
58387.5735774		125.8972901915616		30.58950223529909
58387.5833386		184.44818191634718		30.78240686187369
58387.5931084		124.87051952489989		28.974063051978813
58387.602807		165.54780547268393		28.859363870039978
58389.5381055		135.15218408224086		38.21301995733783
58389.5450062		174.3146427830158		33.67065614238114
58389.5518924		173.70277988648533		30.48355435200019
58389.558793		143.2820018831532		30.499537919997397
58391.5309126		112.14589455676591		27.128164558008166
58391.5405785		195.05946187569802		26.768303240698415
58391.5539404		142.13395182001696		26.58620681525497
58391.5567054		122.588850995592		25.288466315397173
58393.5270191		163.7698911012957		22.417681814685558
58393.5374236		175.71266337854883		33.4958112297766
58393.5550616		168.77000990246958		13.772535925151367
58393.5582624		173.6821525075427		13.344957648559062
58395.5307977		142.58750946280182		17.02916779680521
58395.5377199		130.92298542802442		16.754312577626525
58395.5446339		127.31094416807225		18.888136225320935
58395.551549		162.25717940454828		18.460397656804897
58403.6186998		179.65163071957315		16.166625936519516
58403.628406		177.71467881877257		15.756969277983202
58403.6391004		167.9568771479951		23.024688176958932
58403.6493211		358.440447985872		163.6164731477799
58409.5787783		165.86176011608498		18.29129690999816
58409.5890292		201.3730705701466		18.32138242707453
58409.5987537		182.9667034299199		19.610579145757765
58409.6089561		-76.34282171947244		189.03936806726506
58413.4978062		173.56110553171246		20.799861149080293
58413.5065337		222.27823427044916		21.141129837278275
58413.5106713		200.3453052208306		21.42364347820405
58413.5170764		270.9769438750687		19.780812290321588
58413.5211936		220.22923779217172		18.913002271660606
58413.5253108		185.71047549940923		18.611288173017716
58413.5289747		230.20847351024625		19.57117980035584
58413.5412817		245.50657885551647		19.2378277381708
58416.4978066		185.93105390134875		37.3477144101515
58416.5085506		228.46679191873793		34.64799693620566
58416.5192935		185.4967251179152		35.054499234881604
58416.5292934		240.09930936534775		39.97438448864588
58417.5614609		229.9051738993428		27.45136404768272
58417.5711347		200.2600272592232		28.576805666640958
58417.5762138		268.91326057502715		27.70017105222777
58417.580822		254.3132294423442		29.54031398762601
58417.5859007		249.58292473413448		27.53142148106702
58417.5905427		222.91106825345287		31.41324482408238
58417.5955883		255.1286564635775		27.986347841475734
58417.6053113		173.37473472324945		28.734134356230854
58423.5750256		165.00087938141175		14.640365796432215
58423.5855967		206.5264199574565		17.576716592123958
58423.5974491		209.77187946959864		17.499929273195118
58423.6084985		184.30354249008155		18.120971803581156
58427.558551		204.6667548798788		13.879025402551473
58427.5687246		197.17474624014994		13.559294870382805
58427.5794009		186.62683588130002		14.515420568545558
58427.5896638		159.29979814931565		15.040273495480598
58431.5438005		186.1918971434511		19.3003795819431
58431.5535101		193.2735971153153		15.335594636921167
58431.5637322		177.737708697908		22.388554566060392
58431.5739595		208.81572074420032		23.056735832172116
58435.5206258		131.64124322869037		142.61134683108122
58435.5303431		176.1684141537602		294.89060630085953
58435.5400456		368.4577325123254		138.61593152392945
58435.5497662		197.47188599996983		19.58620608423614
58437.5145965		224.00389347089902		78.4970908744176
58437.5243127		226.62271454673908		24.908082139371324
58437.5339712		149.76110137547832		126.62727270772152
58441.5181449		266.97343495743206		22.317403816289584
58441.5282919		244.37815300726567		16.704054843816653
58441.5380075		195.5931174609296		16.174458234720902
58441.5482563		233.94950822733173		17.32959320202457
58443.4977043		183.77632698709493		43.811169545229646
58443.5075119		169.48473990145646		46.90447866031749
58443.5172206		254.00472272883223		44.726466328172755
58443.5269457		373.67917901113344		49.94608278628271
58447.5106366		170.36257529375635		43.68896988192319
58447.5208318		267.65560276074217		44.10520761123341
58447.5300962		209.01099426347022		49.417328101053045
58447.5403597		281.23322849321505		48.27837089133525
58449.5032635		257.9463677505024		27.313686732357844
58449.512955		190.03311788267263		27.69540955689175
58449.52265		278.29387344606		30.013719125398914
58449.5328941		243.381324738469		26.700060941772968
58451.4994511		291.34162271307963		17.2554265812897
58451.5096632		295.3204752021422		16.406693066785678
58451.5193625		261.38832675100707		17.360684003107107
58451.5296211		254.24546406814486		18.635793177769777
58453.5100863		449.6283422570967		189.06440611539003
58453.5110023		232.61565078661476		14.30984345727094
58455.4391953		262.0728463943911		16.451709520352747
58455.4401167		239.25732615476252		17.30668475992572
58455.4479635		244.7731031316629		15.230326417081248
58455.4539518		233.13873653791276		13.383890430880177
58459.4010879		246.21905076846633		17.22614627577889
58459.4103106		239.81928783794913		15.703788726526133
58459.4185971		230.43265187457564		14.830919957345408
58459.4258681		260.1027803261657		15.790388013055594
58459.4281677		221.43814608168708		15.88474923712316
58459.4290864		243.8416523213696		16.808502247395378
58459.4318516		247.7200196775571		15.968381251479506
58459.4455911		208.36335298099317		17.325617972161357
58463.4248665		221.07665064668103		23.68678399785868
58465.4056496		210.11918171423025		14.59160984126599
58465.4061071		248.24654962524463		14.733061624345178
58465.4147987		245.87691308713636		13.171977486810876
58465.4216738		248.10822610353316		12.729224921603414
58465.4221304		222.88103691541875		13.727775433448427
58465.4235028		232.96839459693211		13.515373924502455
58465.4289904		246.884356936253		13.53140736051852
58465.429448		305.17659765306894		174.1870240705803
58467.4066776		180.59645650340255		17.92782341931587
58467.4103657		260.4367792032632		17.276499214473894
58467.4149746		178.12387845930564		16.95213047837142
58467.4186665		219.01704973751256		15.95488441796449
58467.4260481		186.70605825487368		16.884296224883727
58467.4269725		242.7601742770924		16.26286185778329
58467.4311194		208.56882938324668		16.99663112377286
58467.4348086		250.98981400222456		17.054436079638332
58469.4308559		200.35168615601083		16.900238819341542
58469.4401181		240.3712729490871		17.453096934210134
58469.4498126		230.26672687623073		17.465340561470594
58469.4590059		216.50796068342666		17.3019320632544
58471.4101627		208.53372145099829		25.459166880810002
58471.4189431		166.878798855527		29.106767242243077
58471.4277203		197.0350358445903		26.93643528001994
58471.4364891		224.5846854674709		27.280839093594626
58473.4093504		205.86451733625694		30.051339399054346
58473.417178		278.8033082197291		31.278290570290874
58473.4259094		201.158437668967		31.030476635722607
58473.4342211		273.55478915152236		33.810142479401634
58475.4203271		257.24921162155334		36.97465732786852
58475.4318583		232.91157376811972		36.948369516681744
58475.443854		135.47067315231547		39.15502578453
58475.4475382		270.0144120333825		40.87510988792641
58479.3858236		171.854211324365		20.693164946546155
58479.3876681		205.79602916577653		20.47721683241557
58479.3941304		171.33951299096097		22.288066730531508
58479.3959713		192.22027487031755		21.055055881413654
58479.4019679		175.1345690016956		20.54364445767691
58479.4038234		242.05060506686462		20.911499357828475
58479.410325		188.31321798413225		21.792924336442603
58479.4121779		202.52536097162027		22.15497408964217
58483.4103613		200.41957887594975		14.212446098174322
58483.418218		210.81878938113724		14.80667082609994
58483.4265388		204.14393261081688		13.15542028332076
58487.3787169		193.01496204327822		18.48264485020482
58487.3878001		224.48369034167752		15.050370173993485
58487.3882609		135.2339166296081		19.65117851023993
58487.3978812		162.22798076877416		15.645131676513826
58487.3983425		188.1935987347267		16.838374623633445
58487.4066557		203.6542377028984		14.089286885106178
58487.4071152		161.6130900376564		14.82465938691284
58487.4159322		200.673336283469		15.229672842941847
58491.3579416		186.50515337441237		12.617199797776976
58491.366238		190.2667897048887		13.706642970193446
58491.3740959		198.77840328015913		13.077526531589413
58491.3824028		209.2051164932619		12.817818953635298
58495.3622162		176.5364347382353		14.711369561519602
58495.3714486		181.9220959197164		14.444907501105217
58495.3807137		191.53967786740952		14.684708636501398
58495.3899562		176.6216536677778		14.66682738059909
58497.3465711		232.04085439779305		21.037702935147994
58497.3497861		206.0801270634812		14.973802335893343
58497.3581539		202.27433643203588		15.16109954518695
58497.3623		249.79088858646176		18.421156975402784
58497.3655757		203.01392405899844		15.719565548385836
58497.3739506		185.35433481049733		15.092782309603082
58499.3372527		223.3089471154326		22.53117179415799
58499.3450835		189.99740108854823		20.955595708295757
58499.3524669		215.0105501933248		22.937547919330985
58499.3603166		183.71495659615664		20.61192195956879
58501.3332702		199.21049368780885		22.398454145477658
58501.339225		203.28045216956764		23.718049221905947
58501.3461351		213.8956806060918		27.049506899176336
58501.3540519		199.90551942557212		24.202211253897158
58503.3528667		171.069334562793		52.18351165015088
58503.3602715		120.61896041643435		56.91638785530477
58503.3681397		117.78260860529493		62.75846312177067
58503.3755331		102.33677564737694		65.69216602691883
58504.398145		145.8608014588355		94.34263758816516
58504.407011		131.94097417755125		98.16866408438196
58504.4152576		39.151446647906674		107.74478117503917
58504.4212582		308.85604199546236		119.91262910631804
58507.3073886		257.96404315112477		47.58560019292593
58507.3138603		130.77122605410034		32.460942637542644
58511.3471468		128.59806568788443		17.08645628020842
58511.3531485		134.1026777039677		17.155992883236806
58511.3591546		172.553663261682		16.48782943851327
58515.3067288		119.85871363893902		12.82698514381628
58515.3081107		141.23156754346985		13.854995550150523
58515.3136545		132.1861430943546		13.419913004503005
58515.3145743		148.76844822320257		13.86041443073316
58515.3201192		135.64124284417676		12.540022450925433
58515.3210547		151.87391059944454		14.070062562346358
58515.3270731		112.50531307568521		212.9157344819763
58515.3279982		151.60186611847067		13.98057554983015
58519.3193318		138.40814851344635		13.907038845848676
58519.3276596		-31.148661566713468		14.13670024950842
58519.3359759		174.66824212331358		15.814557057110825
58519.3447798		154.13753873443173		15.092118559872128
58523.3256078		138.87335504805355		15.50638447170385
58527.2893767		169.9574470727053		20.726517935695767
58527.296313		153.12867121345295		20.386953268063266
58527.3041394		168.44470655866286		22.94602813802219
58527.3115172		173.0139768536033		22.395834841647083
58527.3124389		147.04640695725345		30.68794579977463
58531.2857893		110.42684203712437		26.558354413991943
58531.2931693		181.16116086135924		28.604393820214614
58531.3010226		190.81864953050314		30.720803523889906
58531.3093662		192.90063427667752		29.899598312885022
58539.2730001		121.6897300108528		13.88260734526663
58539.2799179		128.20062259421712		12.947413871270271
58539.2872935		123.90471335477292		12.724221405119778
58539.2937431		135.0994204882481		13.180431267146158
58543.2553161		123.41707290747955		16.598391584086187
58543.263215		119.47321878173295		15.732160488434301
58543.2701279		113.29188658321898		15.00212196764087
58543.2775877		112.661122948893		15.268242535168248
58547.2643533		168.44489084344445		221.29034679432903
58547.2694275		103.53941759097852		160.01546354969406
58547.2717482		-21.1964842852899		235.5164920587767
58547.276376		-185.04368962414878		154.8324749916347
58551.2474821		133.70858492421632		14.241151057017126
58551.2568825		107.10267593503562		13.883680213800915
58551.265312		143.60047451171747		14.482186372384628
58551.2736883		132.86104711385974		15.693942458433273
58555.2370338		201.99655422648746		168.47372182294274
58555.2468745		187.85172208355152		55.606414665836574
58555.2567315		288.43592144120385		152.67029541484968
58555.2660662		322.44033964713117		234.04548018000486
58559.2376167		136.71601945546084		29.95642384338769
58559.239482		142.94340241927694		1202.910078623378
58559.245639		137.6496713697601		29.449088345934257
58559.2475044		71.33901513426284		28.32185619562495
58559.2540785		96.69982326725791		28.887542140598562
58564.2215685		215.68308655623312		90.3032992155855
58564.2271293		139.76421659501247		28.515113155878975
58564.2345273		97.72837906278913		63.75249727924134
58565.2451511		101.18572953149356		15.769204602310685
58565.2507373		78.71911779185281		13.516332038436266
58565.2536328		105.35629350338299		15.066961931113468
58565.2591578		67.20763826258849		15.229317044724484
58565.2620758		107.27794580196132		16.30828629768533
58565.267743		51.3518643750782		14.656218802329187
58565.2700514		43.817315654517934		445.86790466011905
58565.2756414		96.25524830859567		17.581883506078746
58567.2455409		-38.650855392948515		210.82284759790093
58569.2301075		104.43411549926984		23.861800870753047
58569.2362242		115.58017125839855		17.10114778823244
58569.2432401		90.82148752727477		16.009211360739958
58569.2512813		99.55239602302922		17.71562322929496
58571.2245743		-31.563850556264875		83.2496558421486
58571.2273576		81.15899202617297		50.32764310002905
58571.2324723		104.69400854788594		27.693253873956923
58571.2395096		84.54637982447825		19.924943015959844
58575.2250262		5.763100863674427		62.913851095112484
58575.2273458		57.71496313830769		44.608377883791604
58575.2321033		107.16250319293931		27.138556003406705
58575.23917		108.06518030970592		24.686218345806957
58579.2400597		113.81145504838926		27.150202529615754
# 
# 
# 
# 
# Time (MJD), Flux and Flux Error (microjanskys) for Cyan Filter (Raw data)
58337.6324146		-6.7043406092716		56.44119303619348
58341.6170553		34.01731625581445		10.410471785184594
58341.6341223		75.40387909460307		60.90906389032356
58341.6382846		114.65416940402369		165.25815337805687
58345.6206062		5.649656109298766		38.13517873776666
58345.6285211		61.24639276788928		21.235063185947016
58345.6365364		-117.65282382931515		105.29433393127783
58397.639825		170.50450142963166		14.343175724890147
58397.6504502		293.0518444418815		106.48157080652217
58401.5174957		196.2690410438611		10.742536270152165
58401.5253363		203.01694506363845		11.470664697264798
58401.5332218		187.51963049988709		10.58237192437286
58401.5410409		180.7467514712121		10.441264331670332
58405.5981354		206.549145578157		10.73679769087236
58405.6083398		202.77475166048566		9.979072424236499
58405.6111797		185.50891498964654		10.549620719499842
58405.6180933		214.577054132876		10.802200984936578
58405.6213849		168.0009718441261		10.577330197872207
58405.6283269		208.87805863669777		10.109206238793744
58405.6310928		189.680293276193		10.602344111150146
58405.6412979		160.78805888415502		15.510992760573094
58429.5527518		288.61807822049514		11.338567358662308
58429.5624313		280.9872141207812		10.61253278201672
58429.5726381		282.03870076086054		10.772311487393978
58429.5829517		270.1316415766471		10.766116149793906
58433.5469884		184.24015710290658		94.13730654893035
58485.3893419		45.85576164929913		11.131652284431311
58485.3980719		267.7308434054255		10.842682131683901
58485.3985313		21.955438607697364		11.28265595117781
58485.4073155		279.97880708496143		10.989209182596612
58485.407773		399.0470041233429		10.797929279899448
58485.4165155		264.0764938062308		11.290681445397043
58485.4169735		302.9035780947353		12.29441209922822
58485.4257444		236.12963693628035		11.543361115504718
58493.350732		277.2028248751367		11.39189691267685
58493.358619		290.4199021890938		11.130479741916924
58493.3665143		269.33546853900947		11.342222748028684
58493.3748551		274.5996416659447		11.38807878480841
58573.2281294		163.85855697490197		50.34656342426126
58573.2309432		127.79192397735876		29.435218444223075
58573.2351589		153.14533125097685		19.22901020191637
58573.2408438		139.33902384260438		14.499746135905529
58577.2311328		199.33993206913226		40.57213083324644
58577.2353454		-3.4202549282891614		1.8811402105590391
58577.2358025		112.33832436799241		654.1559997680398
58577.2427938		115.21685259480871		16.676123401880208
58577.2516258		-3.401539714639691		1.7007698573198455
# 
# 
# 
# 
# Time (MJD), Flux, Flux Error (microjanskys) and No. Measurements per Weighted Mean for Orange Filter (Weighted Averages)
58343.632951		58.35699429615601		76.23392996548826		3
58347.621959125		54.78251088996625		53.29806019619164		4
58361.6060989		78.11231220092722		9.137785368597607		3
58363.6077312		57.92829765332797		21.24783118558362		1
58367.604462275		84.93883563066005		9.737049911509478		8
58369.592932675005		100.64868747211065		9.485173585565493		4
58371.5892042		97.50688283256086		37.6821487741065		4
58375.57091162501		126.64865038004636		42.48531726179301		8
58381.640734249995		156.77635532125774		60.10547455107784		4
58383.568848375		136.78116626796592		25.874798714978056		4
58385.591701325		154.70411422414162		57.57976682945996		4
58386.509289962494		159.86106357447346		110.41264917280341		8
58387.58820785		149.85166442253103		29.668709975953963		4
58389.548449275004		157.9516246724807		20.360835480525182		4
58391.545534225		142.57901451036165		36.876040759759135		4
58393.544441675		170.50015535001916		5.341164671186076		4
58395.541175125		140.4965690835514		15.73861597897673		4
58403.633881825		177.28060069305602		91.80911779197206		4
58409.593879324995		182.5540828246681		130.67868760589684		4
58413.518606050005		219.13379527412718		31.76184908394089		8
58416.513736025		209.00414975969215		28.44125797103562		4
58417.58337180001		232.4625254529769		32.15050143289178		8
58423.591642474996		188.87954833961993		20.92532606474972		4
58427.574085075		188.15325563242985		19.8583876715291		4
58431.558750575		191.3527301322234		13.172652984008323		4
58435.535195175005		199.46383844087356		103.70775109650954		4
58437.52429346667		223.78112887657443		43.63973338835388		3
58441.533175150005		230.5804216854002		29.79964382730704		4
58443.512345625		239.59705221963875		93.25607316401626		4
58447.525481075005		230.79888269535772		51.71357684954888		4
58449.51794065		241.19560779640176		37.741720039182304		4
58451.514524474995		276.91779269153193		20.77403009730639		4
58453.5105443		233.8517534411196		153.45114574232178		2
58455.445306825		243.62417003802233		12.450673390570962		4
58459.4238200625		237.4712019254749		16.445992614132905		8
58463.4248665		221.07665064668103		23.68678399785868		1
58465.4190376		237.12045019110369		28.021458220502144		8
58467.421204125		216.41975965718774		32.788091368145125		8
58469.444948125		221.49790970269186		17.364632076343554		4
58471.423328799996		200.5542431002365		24.364141968478965		4
58473.421664725		237.743877509549		42.05323202307791		4
58475.4358944		224.2373510967746		60.93620351222302		4
58479.39898595		193.8515709971721		23.64945562925628		8
58483.4183727		204.92926515153735		5.268904104553937		3
58487.39758808749		186.34407728391005		28.671400955502726		8
58491.370169575		196.27443484127923		10.082555200092855		4
58495.376083675		181.65873463253692		7.05484425547619		4
58497.35938956666		209.08708709978364		23.422217646680636		6
58499.348779925		201.56868092055603		19.128398371172896		4
58501.343170550004		203.37305630855377		6.785402182180664		4
58503.36420275		132.3018360609385		29.846464052336003		4
58504.41041795		147.74139245080042		112.10021663117554		4
58507.310624449994		171.163201131931		89.93890348752622		2
58511.353149966664		145.7761910566848		23.947420187697332		3
58515.317414187506		139.4109742054945		14.682364696582232		8
58519.331936774994		104.23297831646822		94.61536326891631		4
58523.3256078		138.87335504805355		15.50638447170385		1
58527.30275703999		163.59976251758593		11.488765414566997		5
58531.29733685		165.19661777958683		39.267809082738566		4
58539.283488650006		127.30811359576195		5.905416923794104		4
58543.266561675		116.89005375952208		5.154085944862492		4
58547.27047625		-5.178937855993212		155.6748507370453		4
58551.260841225		128.73115632575596		15.592093297180673		4
58555.251676500004		205.17136392030162		65.55285623252527		4
58559.244864119995		109.47796225449129		31.564176620574656		5
58564.22774169999		139.11821055660278		59.78293997606137		3
58565.260523825		85.23398640857151		25.013380267886472		8
58567.2455409		-38.650855392948515		210.82284759790093		1
58569.24021327501		101.94262267775744		10.32585810231134		4
58571.230978449996		86.42173323895064		61.72892848881756		4
58575.230911324994		94.1131373558206		48.67200483693135		4
58579.2400597		113.81145504838926		27.150202529615754		1
# 
# 
# 
# 
# Time (MJD), Flux, Flux Error (microjanskys) and No. Measurements per Weighted Mean for Cyan Filter (Weighted Averages)
58337.6324146		-6.704340609271599		56.44119303619348		1
58341.62982073333		35.49723724400285		40.32314256649784		3
58345.62855456667		43.09712337612433		91.56002437853762		3
58397.645137600004		172.68841918050336		86.65405726035571		2
58401.529273675		191.3451239122318		9.768265108560188		4
58405.6197313375		194.4960227674873		19.712024297538495		8
58429.567693225		280.24273205308646		7.659382983652813		4
58433.5469884		184.24015710290658		94.13730654893035		1
58485.407533375		227.78533567367992		128.80852485671113		8
58493.3626801		278.01719269375377		8.97175426611581		4
58573.233768825		143.07784128668482		15.767920033387064		4
58577.23934006		-2.5403771840630083		87.12373598055883		5
# 
# 
# 
# 
# Time (MJD), Flux (microjanskys) and Calculated Magnitude Value, Magnitude Uncertainty and 3-sigma Error for Orange Filter (Raw data)
58343.6244393		53.75029558956711		19.574047857713918		20.785733839239185		19.592930702440036
58343.6365027		200.16402641759805		18.14653492868203		18.812374073463666		17.619570936664513
58347.6102891		51.40309325175475		19.622526864878175		21.071985856420202		19.87918271962105
58347.6149039		60.8682841039257		19.43902235243119		21.097346472598403		19.904543335799247
58347.6241528		50.61419632616721		19.639319136685103		20.99736243746885		19.804559300669695
58361.5980446		77.53570049885306		19.176245712777572		20.604995211518872		19.412192074719716
58361.6054782		87.92188980966704		19.03975746419203		20.590725895235764		19.397922758436607
58361.6147739		69.7060201800996		19.291824280791857		20.640743138600854		19.4479400018017
58363.6077312		57.928297653327974		19.492773084959378		20.58171348194039		19.388910345141227
58367.5875077		91.14580019699589		19.00065834476582		20.914006531325015		19.72120339452586
58367.5953545		74.46774621575001		19.2200794749617		21.046707855818482		19.853904719019326
58367.59674		91.40373056290196		18.99759019639246		21.088877360759433		19.896074223960277
58367.6038939		74.70583952906212		19.216613623435823		21.031279317279207		19.83847618048005
58367.6052839		75.54068830704561		19.2045476557811		21.05545437951671		19.862651242717554
58367.6117534		96.5879651115505		18.937692458579633		21.126364609348375		19.933561472549222
58367.6131487		95.93875849959355		18.945014764609233		20.99520761309084		19.802404476291684
58367.6220161		80.04199561567549		19.14170523005984		21.09723049721112		19.90442736041196
58369.5818618		106.73969412887097		18.82918511509054		21.013521599189055		19.820718462389898
58369.5892187		106.13764206951035		18.835326411975153		21.103815864432512		19.911012727633356
58369.5966089		105.74352559237013		18.83936553471883		21.194626113783123		20.001822976983966
58369.6040413		87.2543051525796		19.04803283906286		21.2225543385644		20.029751201765244
58371.5778884		94.37716455063898		18.96283268664217		20.814927955876612		19.622124819077456
58371.5852692		129.54159064071476		18.6189769363726		20.901271395550737		19.70846825875158
58371.5931338		130.33046362339024		18.612385149567423		20.90027139555074		19.70746825875158
58371.6005254		50.58920447907883		19.63985537466808		21.05371326842358		19.860910131624422
58375.5550934		195.1974144909917		18.17381484781742		20.68978184447092		19.496978707671772
58375.5620105		174.66550848243577		18.294482118691292		20.83575971067171		19.642956573872553
58375.5643121		78.46474359867922		19.163313600175364		20.779415982824943		19.586612846025794
58375.5684649		150.30214830869122		18.457587029704683		20.831642809211132		19.638839672411976
58375.5707705		84.96138142793802		19.076946087006174		20.903850683905848		19.71104754710669
58375.5785096		113.95863091778502		18.75813194237797		20.77131756743513		19.578514430635977
58375.5808297		97.63091486503126		18.926031602621975		20.75197777409108		19.559174637291925
58375.5873023		132.54986238362784		18.594051797063393		20.459608012022507		19.26680487522335
58381.6272261		168.4958636985282		18.333526889725725		20.953894420494862		19.761091283695706
58381.64232		91.98732742179433		18.990679997121738		20.27148197314275		19.07867883634359
58381.6441482		194.24913061060818		18.179102290672326		19.9258630395126		18.733059902713443
58381.6492427		234.6831279550554		17.973795329895793		18.627320664713427		17.43451752791427
58383.5524087		118.217553277489		18.718295083476992		20.35132636791535		19.1585232311162
58383.5684862		156.3344721933299		18.414863120648803		20.51214163143722		19.319338494638068
58383.5749437		110.27320231667198		18.793825033495587		20.613581450831852		19.420778314032702
58383.5795549		160.85246464103577		18.383930700725337		20.558249189312		19.365446052512837
58385.5771285		165.31389641487087		18.354226594404253		19.818945553200255		18.626142416401102
58385.5868244		157.41260649232194		18.407401224560967		19.151554948861957		17.958751812062804
58385.6063549		151.4946243736496		18.449006943420372		20.081652736569488		18.88884959977033
58386.4885207		182.8685460700207		18.2446524700837		18.782296651514848		17.58949351471569
58386.4971231		246.344163361507		17.9211443075433		18.295722269830215		17.102919133031058
58386.5057073		356.7634377283463		17.519049149798448		18.358121922445612		17.165318785646456
58386.5129593		175.48021547574206		18.28942960246924		19.12747717239185		17.934674035592693
58386.5215192		141.9999692015198		18.519279374528473		19.753329308957753		18.560526172158596
58386.5298343		285.67058464227847		17.760336191003532		18.424862432361564		17.232059295562408
58387.5735774		125.8972901915616		18.649959043823216		20.18606897493138		18.99326583813223
58387.5833386		184.44818191634718		18.23531405301202		20.179243564740545		18.98644042794139
58387.5931084		124.87051952489989		18.658850203481894		20.24497649780993		19.052173361010777
58387.602807		165.54780547268393		18.352691429871456		20.24928311508623		19.056479978287072
58389.5381055		135.15218408224086		18.572942329089962		19.944471597156863		18.751668460357706
58389.5450062		174.3146427830158		18.29666532435411		20.08187105100788		18.889067914208724
58389.5518924		173.70277988648533		18.300483077951043		20.189835990192663		18.997032853393506
58389.558793		143.2820018831532		18.509520898286777		20.189266850839225		18.99646371404007
58391.5309126		112.14589455676591		18.775541551167258		20.31644897203668		19.123645835237532
58391.5405785		195.05946187569802		18.174582445593522		20.330947891285188		19.13814475448603
58391.5539404		142.13395182001696		18.518255422231825		20.33835905294002		19.145555916140864
58391.5567054		122.588850995592		18.678872563762305		20.39269377192936		19.199890635130203
58393.5270191		163.7698911012957		18.364414849395427		20.523523248213337		19.330720111414188
58393.5374236		175.71266337854883		18.28799234587409		20.087523749089634		18.894720612290477
58393.5550616		168.77000990246958		18.33176181031586		21.052465215280115		19.85966207848096
58393.5582624		173.6821525075427		18.30061201786792		21.086707000368644		19.893903863569488
58395.5307977		142.58750946280182		18.514796291556948		20.822016437945287		19.62921330114613
58395.5377199		130.92298542802442		18.607460250158205		20.839683465956142		19.646880329156986
58395.5446339		127.31094416807225		18.637835652540964		20.709527234230904		19.516724097431748
58395.551549		162.25717940454828		18.374490194611788		20.734397370098673		19.541594233299513
58403.6186998		179.65163071957315		18.2639220907448		20.878451525690473		19.685648388891316
58403.628406		177.71467881877257		18.27569174749984		20.90631827936592		19.713515142566763
58403.6391004		167.9568771479951		18.33700552218339		20.494515606838974		19.301712470039817
58403.6493211		358.440447985872		17.513957471395457		18.36543243263636		17.172629295837204
58409.5787783		165.86176011608498		18.350634325548853		20.74438875149656		19.551585614697405
58409.5890292		201.3730705701466		18.139996519222038		20.742604400114892		19.54980126331574
58409.5987537		182.9667034299199		18.24406984168958		20.668773951055833		19.475970814256677
58413.4978062		173.56110553171246		18.301368980524018		20.60484891047645		19.412045773677292
58413.5065337		222.27823427044916		18.032757654532716		20.58717951643814		19.394376379638988
58413.5106713		200.3453052208306		18.1455520753115		20.572766668970687		19.37996353217153
58413.5170764		270.9769438750687		17.8176691489561		20.659389695653843		19.466586558854686
58413.5211936		220.22923779217172		18.042812560721288		20.708098813196628		19.51529567639747
58413.5253108		185.71047549940923		18.22790899504912		20.72555891576632		19.53275577896716
58413.5289747		230.20847351024625		17.994696737267144		20.670957482950016		19.47815434615086
58413.5412817		245.50657885551647		17.92484216392009		20.689609920998414		19.496806784199258
58416.4978066		185.93105390134875		18.226620172535224		19.96933992701981		18.776536790220653
58416.5085506		228.46679191873793		18.002942291332534		20.050804669203174		18.858001532404014
58416.5192935		185.4967251179152		18.229159383259443		20.038140581370318		18.84533744457116
58416.5292934		240.09930936534775		17.94902272292334		19.895545536605518		18.702742399806358
58417.5614609		229.9051738993428		17.996128137609205		20.303590176881407		19.11078704008225
58417.5711347		200.2600272592232		18.146014322637114		20.25996579635771		19.067162659558555
58417.5762138		268.91326057502715		17.825969453603463		20.293793872753202		19.10099073595405
58417.580822		254.3132294423442		17.886577617803297		20.22396223207535		19.031159095276195
58417.5859007		249.58292473413448		17.906962825793443		20.300428412177205		19.107625275378048
58417.5905427		222.91106825345287		18.029670917156757		20.157218002333153		18.964414865533996
58417.5955883		255.1286564635775		17.883101894978505		20.282634430842613		19.089831294043453
58417.6053113		173.37473472324945		18.302535476055724		20.25400470469312		19.061201567893963
58423.5750256		165.00087938141175		18.356284352958006		20.986120180224916		19.79331704342576
58423.5855967		206.5264199574565		18.112560957987547		20.787655624506932		19.594852487707776
58423.5974491		209.77187946959864		18.095631826696852		20.79240926633043		19.599606129531274
58423.6084985		184.30354249008155		18.23616579286511		20.754546288500165		19.56174315170101
58427.558551		204.6667548798788		18.122381740984068		21.044102573383483		19.851299436584327
58427.5687246		197.17474624014994		18.162871773574146		21.06940723669308		19.876604099893925
58427.5794009		186.62683588130002		18.22256476753506		20.99542594109773		19.802622804298572
58427.5896638		159.29979814931565		18.394461936245662		20.95686066592708		19.764057529127925
58431.5438005		186.1918971434511		18.225098057345576		20.686085374019136		19.49328223721998
58431.5535101		193.2735971153153		18.184568675977644		20.935748449020046		19.74294531222089
58431.5637322		177.737708697908		18.275551057075567		20.524934860318552		19.332131723519396
58431.5739595		208.81572074420032		18.100592021173377		20.493005440610375		19.300202303811215
58435.5400456		368.4577325123254		17.484030812181945		18.545467130383635		17.35266399358448
58435.5497662		197.47188599996983		18.161236814956908		20.670124200499515		19.47732106370036
58437.5145965		224.00389347089902		18.024361082532543		19.162866095098607		17.97006295829945
58437.5243127		226.62271454673908		18.01174140665912		20.40914927693889		19.216346140139734
58437.5339712		149.76110137547832		18.461502436747065		18.643681867098607		17.45087873029945
58441.5181449		266.97343495743206		17.83382987678869		20.52839082068902		19.335587683889862
58441.5282919		244.37815300726567		17.929844054712056		20.842945231930475		19.65014209513132
58441.5380075		195.5931174609296		18.17161607813138		20.877925642894155		19.685122506095
58441.5482563		233.94950822733173		17.977194658444738		20.803029079682254		19.610225942883098
58443.4977043		183.77632698709493		18.239276081681346		19.796037882789555		18.6032347459904
58443.5075119		169.48473990145646		18.327173496969948		19.72196421706103		18.529161080261876
58443.5172206		254.00472272883223		17.887895521087913		19.77358853116111		18.580785394361953
58443.5269457		373.67917901113344		17.46875274970615		19.653746418295327		18.460943281496174
58447.5106366		170.36257529375635		18.32156450879007		19.799070487898238		18.606267351099078
58447.5208318		267.65560276074217		17.83105915304766		19.78877532319555		18.595972186396395
58447.5300962		209.01099426347022		18.099577172014513		19.665301849395668		18.472498712596515
58447.5403597		281.23322849321505		17.777333418779513		19.690618482975687		18.497815346176534
58449.5032635		257.9463677505024		17.871176458069627		20.309049189832255		19.116246053033098
58449.512955		190.03311788267263		18.202926765245053		20.29398052041827		19.101177383619113
58449.52265		278.29387344606		17.788740886050057		20.206700464989908		19.01389732819075
58449.5328941		243.381324738469		17.93428187334002		20.33371936843823		19.140916231639075
58451.4994511		291.34162271307963		17.73899366293054		20.807685749492492		19.614882612693336
58451.5096632		295.3204752021422		17.72426610355717		20.862447366315436		19.66964422951628
58451.5193625		261.38832675100707		17.856784528315842		20.801082919540097		19.60827978274094
58451.5296211		254.24546406814486		17.88686696619738		20.724130295121107		19.53132715832195
58453.5100863		449.6283422570967		17.267865802216765		18.20847556290449		17.015672426105333
58453.5110023		232.61565078661476		17.9834026713362		21.01091279296172		19.818109656162562
58455.4391953		262.0728463943911		17.853944935920246		20.859472418041733		19.666669281242577
58455.4401167		239.25732615476252		17.952836887693117		20.804465292235776		19.61166215543662
58455.4479635		244.7731031316629		17.928090765777664		20.943226971860476		19.75042383506132
58455.4539518		233.13873653791276		17.98096390363967		21.08354406861141		19.890740931812253
58459.4010879		246.21905076846633		17.921695868321528		20.80952967323416		19.616726536435003
58459.4103106		239.81928783794913		17.95028972756405		20.909988890550352		19.717185753751203
58459.4185971		230.43265187457564		17.993639955437303		20.972079772461576		19.779276635662423
58459.4258681		260.1027803261657		17.862137513648552		20.90401799514099		19.711214858341833
58459.4281677		221.43814608168708		18.036868907990865		20.897549091814035		19.70474595501488
58459.4290864		243.8416523213696		17.93223026865367		20.83617745861891		19.643374321819753
58459.4318516		247.7200196775571		17.915097235411068		20.891847767446812		19.699044630647656
58459.4455911		208.36335298099317		18.10294665630162		20.80327816493422		19.610475028135063
58463.4248665		221.07665064668103		18.038642809211126		20.463734750767518		19.270931613968358
58465.4056496		210.11918171423025		18.09383574794291		20.98974197818103		19.79693884138188
58465.4061071		248.24654962524463		17.91279194760643		20.979267486526368		19.786464349727215
58465.4147987		245.87691308713636		17.92320561989347		21.100872550609814		19.908069413810658
58465.4216738		248.10822610353316		17.913397090809333		21.13799509898027		19.945191962181116
58465.4221304		222.88103691541875		18.029817201088896		21.05599958466716		19.863196447868003
58465.4235028		232.96839459693211		17.981757482662136		21.072929835863633		19.880126699064483
58465.4289904		246.884356936253		17.918766067307587		21.07164257851312		19.878839441713964
58465.429448		305.17659765306894		17.688621932853003		18.297460501398398		17.10465736459924
58467.4066776		180.59645650340255		18.258226938158668		20.766181085124142		19.57337794832499
58467.4103657		260.4367792032632		17.860744210425615		20.80636063813016		19.613557501331
58467.4149746		178.12387845930564		18.273194642835634		20.82693928393885		19.634136147139692
58467.4186665		219.01704973751256		18.04880518871363		20.892765844050988		19.69996270725183
58467.4260481		186.70605825487368		18.22210397449026		20.831292592534318		19.638489455735165
58467.4269725		242.7601742770924		17.937056398505575		20.87200756756857		19.679204430769413
58467.4311194		208.56882938324668		18.10187649095268		20.824092877340185		19.63128974054103
58467.4348086		250.98981400222456		17.900859758173798		20.820406590898028		19.62760345409887
58469.4308559		200.35168615601083		18.145517495504336		20.830267895686323		19.637464758887166
58469.4401181		240.3712729490871		17.947793591519062		20.79531874810838		19.602515611309222
58469.4498126		230.26672687623073		17.994422030664996		20.794557353791085		19.601754216991928
58469.4590059		216.50796068342666		18.061315326598432		20.804763493975827		19.61196035717667
58471.4101627		208.53372145099829		18.102059265923153		20.385389530475248		19.192586393676095
58471.4189431		166.878798855527		18.34399708707535		20.240015067545066		19.04721193074591
58471.4277203		197.0350358445903		18.163641356917253		20.324149696425984		19.131346559626827
58471.4364891		224.5846854674709		18.021549654511126		20.310355689867194		19.117552553068037
58473.4093504		205.86451733625694		18.116046254059732		20.205340416419737		19.012537279620584
58473.417178		278.8033082197291		17.786755193247757		20.161892475361704		18.969089338562547
58473.4259094		201.158437668967		18.14115436514892		20.170528883737425		18.97772574693827
58473.4342211		273.55478915152236		17.8073891939557		20.077382497672417		18.884579360873268
58475.4203271		257.24921162155334		17.87411486880871		19.98023960562013		18.787436468820975
58475.4318583		232.91157376811972		17.982022325263326		19.981011804237276		18.788208667438123
58475.443854		135.47067315231547		18.570386777963357		19.91803121425755		18.725228077458397
58475.4475382		270.0144120333825		17.821532636829115		19.871352666951104		18.678549530151948
58479.3858236		171.854211324365		18.31209955229196		20.610432701114632		19.417629564315476
58479.3876681		205.79602916577653		18.11640752301109		20.621822677402356		19.4290195406032
58479.3941304		171.33951299096097		18.315356179639622		20.529819001598305		19.33701586479915
58479.3959713		192.22027487031755		18.190502015135046		20.591609003994783		19.398805867195627
58479.4019679		175.1345690016956		18.291570305195464		20.618306274356804		19.425503137557648
58479.4038234		242.05060506686462		17.94023456848138		20.599037067706355		19.4062339309072
58479.410325		188.31321798413225		18.21279798784869		20.554211222460786		19.36140808566163
58479.4121779		202.52536097162027		18.133801462723447		20.536321883854335		19.343518747055185
58483.4103613		200.41957887594975		18.145149636871675		21.018327923493125		19.82552478669397
58483.418218		210.81878938113724		18.090226712290843		20.973856446267117		19.78105330946796
58483.4265388		204.14393261081688		18.125158808184196		21.102238181790362		19.909435044991206
58487.3787169		193.01496204327822		18.18602256062855		20.73308970377726		19.540286566978104
58487.3878001		224.48369034167752		18.02203801696252		20.95613204543354		19.763328908634385
58487.3882609		135.2339166296081		18.572285934487923		20.666528498062803		19.473725361263647
58487.3978812		162.22798076877416		18.374685593477228		20.91405194320839		19.721248806409232
58487.3983425		188.1935987347267		18.213487882153217		20.834249581089605		19.641446444290448
58487.4066557		203.6542377028984		18.127766371361645		21.027777469267214		19.834974332468057
58487.4071152		161.6130900376564		18.378808664892333		20.972538190623176		19.77973505382402
58487.4159322		200.673336283469		18.1437758223219		20.94327356471162		19.750470427912468
58491.3579416		186.50515337441237		18.22327290895258		21.147592549202145		19.954789412402988
58491.366238		190.2667897048887		18.201592523588523		21.057672248884206		19.86486911208505
58491.3740959		198.77840328015913		18.15407700565354		21.108685975515474		19.915882838716314
58491.3824028		209.2051164932619		18.098569245525077		21.130464667344157		19.937661530545
58495.3622162		176.5364347382353		18.282914121260028		20.980867236379087		19.788064099579934
58495.3714486		181.9220959197164		18.25028637283033		21.000713087108856		19.8079099503097
58495.3807137		191.53967786740952		18.194353118286237		20.982836665041408		19.790033528242255
58495.3899562		176.6216536677778		18.282390133380556		20.984159548403298		19.79135641160414
58497.3465711		232.04085439779305		17.986088860213698		20.59250420419629		19.39970106739713
58497.3497861		206.0801270634812		18.114909716364664		20.96166976036224		19.768866623563085
58497.3581539		202.27433643203588		18.135148037177892		20.948173251857078		19.75537011505792
58497.3623		249.79088858646176		17.906058517674822		20.736707741502435		19.54390460470328
58497.3655757		203.01392405899844		18.13118543557895		20.908898652507744		19.716095515708588
58497.3739506		185.35433481049733		18.229993132094336		20.9530767298646		19.760273593065442
58499.3372527		223.3089471154326		18.027734690249996		20.51804055259199		19.325237415792834
58499.3450835		189.99740108854823		18.203130848941896		20.59674997222824		19.403946835429085
58499.3524669		215.0105501933248		18.068850573718784		20.49863252777206		19.30582939097291
58499.3603166		183.71495659615664		18.23963871371611		20.614703776311515		19.42190063951236
58501.3332702		199.21049368780885		18.151719470620712		20.524454884885074		19.331651748085925
58501.339225		203.28045216956764		18.129760954819815		20.462302584960177		19.26949944816102
58501.3461351		213.8956806060918		18.07449496362822		20.319601618715033		19.126798481915877
58501.3540519		199.90551942557212		18.1479380369286		20.44036238138225		19.247559244583094
58503.3528667		171.069334562793		18.317069584910435		19.606166746830063		18.413363610030906
58503.3602715		120.61896041643435		18.696461047301355		19.511906674503777		18.31910353770462
58503.3681397		117.78260860529493		18.722297078293984		19.405819250742823		18.213016113943667
58503.3755331		102.33677564737694		18.874920676456746		19.356216045436028		18.16341290863687
58504.398145		145.8608014588355		18.49015351114012		18.963229965286928		17.77042682848777
58504.407011		131.94097417755125		18.59905078414708		18.920067797514275		17.727264660715118
58504.4212582		308.85604199546236		17.67560974589648		18.70283768732481		17.510034550525653
58507.3073886		257.96404315112477		17.871102062120286		19.706311121501145		18.513507984701988
58507.3138603		130.77122605410034		18.6087195112188		20.121597181981564		18.928794045182403
58511.3471468		128.59806568788443		18.626913909544186		20.818370000824768		19.625566864025615
58511.3531485		134.1026777039677		18.58140637564604		20.813960356474638		19.62115721967548
58511.3591546		172.553663261682		18.307689540837835		20.857091284618633		19.664288147819477
58515.3067288		119.85871363893902		18.703325968995557		21.129688520649864		19.936885383850708
58515.3081107		141.23156754346985		18.525170551453066		21.04598402341339		19.853180886614236
58515.3136545		132.1861430943546		18.597035172509372		21.0806257487534		19.887822611954242
58515.3145743		148.76844822320257		18.468722917532137		21.04555945997256		19.852756323173402
58515.3201192		135.64124284417676		18.56902059888087		21.154254214922688		19.961451078123527
58515.3210547		151.87391059944454		18.4462920606662		21.029259928690784		19.836456791891628
58515.3279982		151.60186611847067		18.448238631984744		21.036187373162164		19.843384236363008
58519.3193318		138.40814851344635		18.547095852186377		21.041913330629214		19.849110193830057
58519.3359759		174.66824212331358		18.294465126271483		20.902357418846854		19.709554282047698
58519.3447798		154.13753873443173		18.430228950253657		20.95312447937466		19.76032134257551
58523.3256078		138.87335504805355		18.54345268057385		20.923723630390448		19.73092049359129
58527.2893767		169.9574470727053		18.324149502654883		20.608684133614176		19.415880996815012
58527.296313		153.12867121345295		18.437358715220206		20.62661918147598		19.433816044676828
58527.3041394		168.44470655866286		18.333856580859493		20.49823119547178		19.305428058672625
58527.3115172		173.0139768536033		18.304797027940964		20.52458185968779		19.331778722888632
58527.3124389		147.04640695725345		18.481363957264982		20.182580453869996		18.98977731707084
58531.2857893		110.42684203712437		18.792313368788683		20.339497094632712		19.14669395783356
58531.2931693		181.16116086135924		18.254837262668836		20.25891812825175		19.066114991452594
58531.3010226		190.81864953050314		18.198447955206895		20.181418573047626		18.988615436248473
58531.3093662		192.90063427667752		18.186665860874633		20.2108366154489		19.018033478649745
58539.2730001		121.6897300108528		18.686865181126144		21.043822399306826		19.85101926250767
58539.2799179		128.20062259421712		18.63027466425485		21.119542423280762		19.926739286481606
58539.2872935		123.90471335477292		18.667280431698366		21.138421956624427		19.945618819825274
58539.2937431		135.0994204882481		18.573366284722788		21.10017594820222		19.907372811403064
58543.2553161		123.41707290747955		18.671561894990525		20.84983498471901		19.657031847919853
58543.263215		119.47321878173295		18.70682358906607		20.908029079682244		19.71522594288309
58543.2701279		113.29188658321898		18.764502977731322		20.959618270084228		19.76681513328507
58543.2775877		112.661122948893		18.770564810630304		20.94052737481222		19.747724238013063
58551.2474821		133.70858492421632		18.584601768578032		21.016137267353955		19.823334130554798
58551.2568825		107.10267593503562		18.825499195719104		21.043738495240884		19.850935358441728
58551.265312		143.60047451171747		18.507110312534437		20.997914669624926		19.80511153282577
58551.2736883		132.86104711385974		18.59150582272166		20.910669860142562		19.717866723343406
58555.2370338		201.99655422648746		18.136640097338713		18.333669574626867		17.14086643782771
58555.2468745		187.85172208355152		18.2154620482415		19.53718776505187		18.344384628252712
58555.2567315		288.43592144120385		17.74987663526099		18.440613635131463		17.247810498332306
58555.2660662		322.44033964713117		17.628876575121694		17.976749353568827		16.78394621676967
58559.2376167		136.71601945546084		18.56045148692541		20.20877508338797		19.015971946588813
58559.245639		137.6496713697601		18.553062052802858		20.227320362757432		19.034517225958275
58559.2475044		71.33901513426284		19.266682226445223		20.269695716694734		19.076892579895578
58559.2540785		96.69982326725791		18.93643579912871		20.248223519929546		19.05542038313039
58564.2215685		215.68308655623312		18.06545977520489		19.010740956305135		17.81793781950598
58564.2271293		139.76421659501247		18.536510013617438		20.2623122516862		19.069509114887044
58564.2345273		97.72837906278913		18.924948261104657		19.388756996515323		18.195953859716166
58565.2451511		101.18572953149356		18.887201831950435		20.90547552976258		19.712672392963423
58565.2507373		78.71911779185281		19.15979945426055		21.072852870023		19.880049733223842
58565.2536328		105.35629350338299		18.843348791284598		20.954935772592027		19.76213263579287
58565.2591578		67.20763826258849		19.33145341458342		20.94329893016252		19.750495793363363
58565.2620758		107.27794580196132		18.823723877773094		20.868979182402548		19.67617604560339
58565.267743		51.3518643750782		19.62360946083325		20.984945150140533		19.792142013341376
58565.2756414		96.25524830859567		18.94143895326757		20.787336504543546		19.594533367744397
58569.2301075		104.43411549926984		18.852894017874224		20.45574195712136		19.262938820322212
58569.2362242		115.58017125839855		18.74279166590695		20.81743684955075		19.624633712751596
58569.2432401		90.82148752727477		19.004528473121418		20.889075153979825		19.696272017180668
58569.2512813		99.55239602302922		18.904870707322022		20.779108911843412		19.58630577504426
58571.2273576		81.15899202617297		19.126658388577674		19.64548351906076		18.452680382261605
58571.2324723		104.69400854788594		18.850195428779156		20.29406503240554		19.101261895606388
58571.2395096		84.54637982447825		19.082262459104463		20.65150727996006		19.458704143160908
58575.2273458		57.71496313830769		19.496778943456427		19.77645892233346		18.583655785534305
58575.2321033		107.16250319293931		18.824892875813184		20.316033160338094		19.123230023538937
58575.23917		108.06518030970592		18.815785543917023		20.418863585147598		19.22606044834844
58579.2400597		113.81145504838926		18.759535060714875		20.315567316001236		19.12276417920208
# 
# 
# 
# 
# Time (MJD), Flux (microjanskys) and Calculated Magnitude Value, Magnitude Uncertainty and 3-sigma Error for Cyan Filter (Raw data)
58341.6170553		34.01731625581445		20.070749880928695		20.785733839239185		19.592930702440036
58341.6341223		75.40387909460307		19.206515779024272		18.812374073463666		17.619570936664513
58345.6285211		61.24639276788928		19.43229871218955		21.071985856420202		19.87918271962105
58397.639825		170.50450142963166		18.320660377159008		21.097346472598403		19.904543335799247
58397.6504502		293.0518444418815		17.732638852158637		20.99736243746885		19.804559300669695
58401.5174957		196.2690410438611		18.167870498633377		20.604995211518872		19.412192074719716
58401.5253363		203.01694506363845		18.131169279102373		20.590725895235764		19.397922758436607
58401.5332218		187.51963049988709		18.217383153553715		20.640743138600854		19.4479400018017
58401.5410409		180.7467514712121		18.25732374864935		20.58171348194039		19.388910345141227
58405.5981354		206.549145578157		18.11244149302155		20.914006531325015		19.72120339452586
58405.6083398		202.77475166048566		18.132465304524793		21.046707855818482		19.853904719019326
58405.6111797		185.50891498964654		18.229088036715645		21.088877360759433		19.896074223960277
58405.6180933		214.577054132876		18.071041803272266		21.031279317279207		19.83847618048005
58405.6213849		168.0009718441261		18.336720514951406		21.05545437951671		19.862651242717554
58405.6283269		208.87805863669777		18.10026794401132		21.126364609348375		19.933561472549222
58405.6310928		189.680293276193		18.204944468850847		20.99520761309084		19.802404476291684
58405.6412979		160.78805888415502		18.38436551946154		21.09723049721112		19.90442736041196
58429.5527518		288.61807822049514		17.749191173529837		21.013521599189055		19.820718462389898
58429.5624313		280.9872141207812		17.778283603823827		21.103815864432512		19.911012727633356
58429.5726381		282.03870076086054		17.774228236527062		21.194626113783123		20.001822976983966
58429.5829517		270.1316415766471		17.821061355550512		21.2225543385644		20.029751201765244
58433.5469884		184.24015710290658		18.2365392617941		20.814927955876612		19.622124819077456
58485.3893419		45.85576164929913		19.74651522167028		20.901271395550737		19.70846825875158
58485.3980719		267.7308434054255		17.83075398472252		20.90027139555074		19.70746825875158
58485.3985313		21.955438607697364		20.54614470623729		21.05371326842358		19.860910131624422
58485.4073155		279.97880708496143		17.782187103022967		20.68978184447092		19.496978707671772
58485.407773		399.0470041233429		17.397439863357835		20.83575971067171		19.642956573872553
58485.4165155		264.0764938062308		17.845675637124486		20.779415982824943		19.586612846025794
58485.4169735		302.9035780947353		17.69673899116752		20.831642809211132		19.638839672411976
58485.4257444		236.12963693628035		17.967123751594634		20.903850683905848		19.71104754710669
58493.350732		277.2028248751367		17.793005870743713		20.77131756743513		19.578514430635977
58493.358619		290.4199021890938		17.742434062950416		20.75197777409108		19.559174637291925
58493.3665143		269.33546853900947		17.824266127458294		20.459608012022507		19.26680487522335
58493.3748551		274.5996416659447		17.803250084559927		20.953894420494862		19.761091283695706
58573.2281294		163.85855697490197		18.363827185216593		20.27148197314275		19.07867883634359
58573.2309432		127.79192397735876		18.633741478176706		19.9258630395126		18.733059902713443
58573.2351589		153.14533125097685		18.437240596112577		18.627320664713427		17.43451752791427
58573.2408438		139.33902384260438		18.53981809074116		20.35132636791535		19.1585232311162
58577.2311328		199.33993206913226		18.151014235183755		20.51214163143722		19.319338494638068
58577.2427938		115.21685259480871		18.746209981673587		20.613581450831852		19.420778314032702
# 
# 
# 
# 
