# Time (MJD), Flux and Flux Error (microjanskys) for Orange Filter (Raw data)
58516.4808206		-35.96097290881096		18.355079922205597
58516.4897634		-8.606101383949333		17.556446823256643
58516.4980849		7.907346735779201		19.58009667907231
58516.5068538		-0.4884225896704561		15.629522869454595
58520.4786927		-0.4823824148940324		16.88338452129113
58520.4876639		0.0		15.16087310000544
58520.4960226		-7.1469138442326345		14.651173380676898
58520.5048789		20.71199432316686		15.063268598666806
58528.4620639		12.80522383462455		19.207835751936827
58528.4709786		-26.186721392069874		18.176665436848502
58528.4793041		-25.779776183659745		18.53826601971038
58528.4881134		-4.2824835852708185		17.986431058137438
58536.4499484		-15.16201745476569		30.32403490953138
58536.4580828		-17.1835394715438		26.729950289068128
58536.4662781		-12.398518645741031		31.91470540292599
58536.4745267		-9.566206667652803		26.506364308287985
58540.4385013		7.574206554452749		11.834697741332416
58540.4465749		24.359093255128986		11.51520772060643
58540.4546833		-5.302448513015469		11.267703090157873
58540.4628016		-6.448855867414221		12.230588714061454
58544.4338444		235.4431679602004		13.862966453255043
58544.4426257		240.4199633021339		13.79284873313213
58544.4509126		259.0322712037676		13.984820443716703
58544.4597882		209.250135535515		23.081841352018834
58548.4271998		356.97949566156666		32.011748252260055
58548.4360212		334.8136600558491		96.58086347764875
58548.4443313		345.03627804317335		27.441481762497997
58548.4532249		577.1761453946408		190.04580397140617
58552.4155982		118.83286587503595		30.750610029066316
58552.4246899		129.1939046197764		40.15486224668725
58552.4424106		108.6858088669486		34.85283322315652
58556.4044665		21.637428693465203		13.735063431503997
58556.4132703		38.459292762204676		14.446637890371301
58556.4216271		5.756567407709895		14.185826826142241
58556.4305574		10.54626950119377		12.182759596206596
58560.394163		38.44765300965125		32.138294567041804
58560.4025605		23.948738762987777		31.381105965294335
58560.4109839		80.32964646901425		33.19745593872527
58560.4193796		-1.3559474436626489		32.542738647903576
58564.4342391		-2.487856055936023		34.82998478310432
58564.443077		-7.160932360446113		32.86684339794498
58564.4523086		-3.314997055625375		30.809972634635834
58564.4610447		-6.962323876667315		39.646566519911104
58566.3860049		34.350331190173186		101.67698032291264
58566.3953704		616.5522608837955		452.10214200369865
58566.4034221		-33.046201368482926		231.32340957938052
58566.41209		758.2118428589683		536.4219840634879
58568.3853805		17.544920645327817		11.251633892112405
58568.3941679		-5.583832377695336		12.068282880825402
58568.4024449		-3.766269910035561		12.617004198619128
58568.4113439		-28.84591848798839		13.191731015848351
58570.3838832		-7.57199989180785		11.59965940872692
58570.3927472		-3.5888743776039287		10.335958207499313
58570.4021477		-13.341242817225124		11.067167337016297
58570.4111666		-6.444708655913543		11.246648438751087
58572.3858262		-5.655999422084244		14.397089438032621
58572.3947284		-0.0		14.194207375054834
58572.4029492		-47.86680012913413		13.033039639120679
58572.4117941		-12.125948001285883		13.473275556984314
58576.374211		8.860835645874056		12.602077363020879
58576.3829135		-15.067457914003866		12.311215612661695
58576.3910358		-2.591517646123347		11.66182940755506
58576.3997882		-5.676096134835107		12.487411496637236
58580.3664283		-10.226209887620787		13.569393889342969
58584.3562203		4.356329241730346		15.643182277122602
58584.3647798		-5.101586781059923		14.548969708948668
58584.3740115		10.097965926920441		15.051685060881416
58584.3827356		0.7656283788586796		14.929753387744249
58588.3586194		-24.25275564218492		34.52034562208803
58588.3673684		37.96320464797084		35.3146089748566
58588.3755796		49.30304232662384		33.47512836936821
58588.3842536		15.623030717905264		37.3516136703942
58590.3980049		37.56082685424659		35.62754900145449
58590.4081596		33.211913533571796		40.43189473652219
58590.4184392		-33.55657211947076		41.9120238118691
58590.4297985		61.899673972048355		41.93635920617129
58591.3865746		-2.8537293164759716		46.4750202968944
58591.3940685		73.58475897638377		44.39750820921479
58591.4074959		2.9871624683536084		50.184329468340614
58591.4098013		-80.8940273020232		50.07725499649055
58592.4253199		-6.74963322118479		58.08775257019637
58592.4336106		-74.40199302592528		65.42651450216287
58592.441277		-20.418299179248788		68.96847722768479
58592.4494441		26.813326987197808		77.91906987732698
58593.3821482		25.11051183999332		31.736896908880443
58593.3907086		1.6240998391239267		33.70007166182148
58593.3987742		7.729399409388771		31.79593847953108
58593.4073913		-13.131169316045877		32.64033515702832
58595.3642761		17.58826700997053		19.70733532442481
58595.3726967		3.658701042353126		19.025245420236256
58595.3816366		6.083432791208543		21.089233676189618
58595.3900455		37.737519675732145		20.44115649102158
58596.3436111		12.493318640453264		15.61664830056658
58596.3523858		10.060475963231891		17.426181579169523
58596.3615487		-17.45709416758392		19.060296693178355
58596.3700661		-7.328656459805803		19.12600588290783
58598.3453241		-0.40494556417713273		13.093239908393958
58598.3540167		-20.340120143461302		13.33557545829582
58598.3634428		22.614011878794084		13.491313904962379
58598.3721064		-24.33380509238457		12.10812523920585
58600.3272617		13.29022221675159		14.312547002655558
58600.3358366		-35.81456892001684		13.183276903073684
58600.3440116		25.374432894690415		13.301114017378039
58600.3527167		-11.744118179701386		12.774303984938351
58604.3315524		-21.95129797513307		13.129748321574922
58604.3400599		-27.934491801370676		12.646019937106994
58604.3491368		4.458031042581191		13.180265691109607
58604.3578302		-21.37965735212955		12.676434005244953
58612.2686067		-22.01849548559027		14.853746954564867
58612.2704999		7.171350548164967		13.992879118370668
58612.2757766		21.705489449977858		14.534925970967315
58612.2911942		4.212727728723727		13.920317712304486
58614.2915987		11.119356448278037		14.340852241704384
58614.2948113		5.318390913987815		14.048579772798
58614.3003193		-4.203271865691177		14.186042546707723
58614.3137477		-8.33779786008883		12.923586683137689
58618.3163435		-10.422560721386205		19.42846270394321
58618.3201078		35.93980148351661		19.541039604425695
58618.3257252		7.2815866232459		18.810765443385243
58618.336074		-0.4010260797612445		20.753099627644403
58620.2708811		14.527995238364717		25.65983574568314
58620.2736471		-12.38969535848225		24.59982991466765
58620.2787568		-23.840440928010963		24.562878531890085
58620.2885385		-12.439737565987516		27.051492802226818
58626.2967465		12.658662251621443		13.570998269756322
58626.2995626		-9.963599220882523		12.964683323557981
58626.3051476		6.777570726383292		15.666188072459741
58626.3153911		6.012254384914657		12.803875078984918
58628.2490476		35.27425283793642		15.117536930544183
58628.2518733		1.951365146921137		13.854692543140072
58628.2574872		2.9106934048167443		13.92974700876585
58628.2671994		10.358523299685016		13.560248683224023
58630.2437157		-23.081517093423923		19.35218900409342
58630.246977		4.6695108277481365		15.175910190181444
58630.2520322		-0.7966806840603192		14.041497056563124
58630.2627796		-3.7297072815891625		11.707136744988206
58632.2708478		6.245598354159816		15.290947694667135
58632.2736108		-20.404986938539967		12.89749174417149
58632.2791375		13.044827274072007		16.088620304688813
58632.2888715		-60.685232597724124		16.30349532476171
58636.245992		-21.394026438954658		28.86904772485447
58636.2492603		-0.5383385435573763		23.14855737296718
58636.25433		7.175145038833337		17.394291003232336
58636.264994		-0.896025350235478		17.248487992032953
58648.2676226		-47.44785638528329		35.43049537940369
58648.2704045		-52.92874464155241		36.48875577561569
58648.2754928		-28.121480482318546		35.404741614429824
58648.2852683		-9.164459640635824		41.7728858038284
58650.2611766		9.669876426376048		30.896434435494204
58650.2639219		-10.436518347577048		30.949675099711246
58650.2694521		-16.592383278517115		29.32078688943436
58650.2791772		13.931084609231753		32.732385789170536
# 
# 
# Time (MJD), Flux and Flux Error (microjanskys) for Cyan Filter (Raw data)
58518.4901717		6.251043181536638		7.64016388854478
58518.4991256		-0.0		8.300901062625792
58518.5075986		-0.7149900855151871		8.436883009079208
58518.5166079		-6.992837161942299		8.419946786828483
58574.3848082		21.431137252212096		17.804329409530055
58574.3941103		35.800239419021366		56.91320112767499
58578.380365		-0.5612567376980537		8.418851065470802
58578.3894157		-1.1357450232410398		9.227928313833448
58578.3984475		-7.976681316431749		9.42698701032843
58578.4075676		10.381696820725265		9.119058018204624
58582.3687092		-5.9226888406302125		11.389786231981178
58582.3777091		19.690317796587586		12.363687918787551
58582.3866927		13.14896541028653		11.376071197663629
58582.3957695		13.148803721220188		11.505203256067665
58606.3338966		5.681696922384042		17.613260459390528
58610.3375985		1.5003596610390932		9.252217909741075
58610.3464938		3.634840108906022		9.275109243415368
58610.3554555		-4.7735560023829064		9.80514205894867
58610.3644573		-3.0637678381532383		10.212559460510793
58634.2450135		10.213125670150161		28.64980707470695
58634.2482826		29.814313827808405		19.385988811803674
58634.2533409		2.9784257439718616		11.507554010800373
58634.2640648		14.218176265142061		9.291085480191843
58642.2436072		130.9824343743774		101.3318016221846
58642.2463574		-16.167635637653		53.7502974269341
58642.2532929		-4.301170777786153		22.427533341313513
58642.26542		19.725570236833068		15.52864039920901
# 
# 
# Time (MJD), Flux, Flux Error (microjanskys) and No. Measurements per Weighted Mean for Orange Filter (Weighted Averages)
58516.493880675		-8.984713732757758		19.01775466746313		4
58520.491814525		3.326213476095896		12.07626504036284		4
58528.475115		-11.313889111648137		18.804384664222788		4
58536.462209000005		-13.557740433736326		3.3163578137618384		4
58540.450640275		5.228867403219971		14.3597759557484		4
58544.446792725		241.03690837042168		20.541678021829174		4
58548.440194300005		352.00154379907553		116.13696063302365		4
58552.42756623333		118.06211363784668		10.25423393207687		3
58556.417480325006		18.286681882298904		14.519346396786235		4
58560.40677175		34.717790530449605		34.20564847378835		4
58564.44766735		-4.8264310290258265		2.426869095805128		4
58566.39922185		67.50885408743005		401.62293255987197		4
58568.39833429999		-3.328160097239422		18.961876162228734		4
58570.397486175		-7.599581269504933		4.0951892647586		4
58572.39882447501		-17.74408473129653		21.547002770624292		4
58576.38698712499		-3.7161117415152938		9.86746928167412		4
58580.3664283		-10.226209887620787		13.569393889342969		1
58584.3694368		2.3548955686560378		6.376093634114309		4
58588.37145525		20.086353635210582		32.44659450447921		4
58590.413600550004		26.01124163696026		40.887946630743144		4
58591.399485075		2.7960112111479885		63.14732552997731		4
58592.4374129		-21.281164545755647		42.110720360329324		4
58593.394755575006		5.70375369400468		15.827973058988592		4
58595.377163725		15.971991943358702		15.549953969464884		4
58596.356902925		1.2632526325432951		14.312117507174026		4
58598.3587225		-6.666644340422334		21.53481367693646		4
58600.33995665		-3.1110455543649618		27.21104897396824		4
58604.344644825		-17.034502063378113		14.414707688576136		4
58612.276519349994		3.1387108658540974		18.20691809148557		4
58614.300119249994		0.48867538400514754		8.85655525810856		4
58618.324562625		8.271402627005115		19.925503305851684		4
58620.277955875		-8.865315608631814		16.29175581134323		4
58626.30421195		3.4214371252670377		9.689380217230982		4
58628.256401875		11.688731175019695		15.560846138967017		4
58630.251376125		-3.746588450712707		12.077026355098727		4
58632.2781169		-15.287815535225521		33.43367729822186		4
58636.253644075		-0.6136010692561674		12.234156030786217		4
58648.27469705		-36.058312739048866		19.91492121464863		4
58650.26843195		-1.686444582359498		14.93175623069289		4
# 
# 
# Time (MJD), Flux, Flux Error (microjanskys) and No. Measurements per Weighted Mean for Cyan Filter (Weighted Averages)
58518.50337595		-0.026605278203753677		5.414670451639746		4
58574.38945925		22.712010344012914		10.160489581713149		2
58578.39394895		0.2814830892182132		7.591369633111933		4
58582.382220125		9.619856962836687		11.064419817849798		4
58606.3338966		5.681696922384042		17.613260459390528		1
58610.351001275005		-0.44458458563264197		3.907739473598364		4
58634.25267545		12.121398894381837		11.336975928285025		4
58642.252169375		12.223073048557586		67.29246258264133		4
# 
# 
