###MJD,m,dm,uJy,duJy,F,err,chi/N,RA,Dec,x,y,maj,min,phi,apfit,Sky,ZP,Obs
58343.637911,19.635,1.953,51,99,o,0,1.05,69.73733,-20.66226,6674.32,4487.81,3.78,3.52,-86.1,-0.411,16.95,17.60,01a58343o0591o
58343.624439,21.447,1.677,10,16,o,0,1.07,69.73733,-20.66226,6637.78,4450.10,3.89,3.54,-80.1,-0.380,19.00,20.83,01a58343o0562o
58343.636503,18.458,0.765,150,115,o,0,0.90,69.73733,-20.66226,6601.57,4411.83,4.49,4.19,-89.6,-0.371,17.11,18.00,01a58343o0588o
58345.620606,22.773,13.500,3,38,c,0,1.29,69.73733,-20.66226,3778.14,7445.96,2.63,2.43,-34.9,-0.400,18.26,20.03,02a58345o0842c
58345.636536,-18.712,0.796,-119,95,c,0,1.29,69.73733,-20.66226,3722.63,7407.49,2.62,2.42,-24.6,-0.410,17.11,18.08,02a58345o0876c
58341.638285,18.875,1.506,102,154,c,0,1.49,69.73733,-20.66226,3671.22,5975.64,2.79,2.54,-37.7,-0.441,16.63,17.56,02a58341o0880c
58341.634122,19.282,0.840,70,59,c,0,0.97,69.73733,-20.66226,3726.17,6052.38,2.81,2.59,-62.1,-0.398,17.69,18.69,02a58341o0871c
58341.617055,20.174,0.322,31,10,c,0,1.00,69.73733,-20.66226,3708.11,6014.08,2.66,2.48,-54.4,-0.400,19.66,21.59,02a58341o0834c
58345.628521,19.473,0.379,59,22,c,0,1.01,69.73733,-20.66226,3795.52,7484.36,2.56,2.40,-15.4,-0.402,18.75,20.08,02a58345o0859c
58337.632415,-21.670,6.260,-8,49,c,0,1.65,69.73733,-20.66226,1033.51,6636.32,2.72,2.56,-31.2,-0.403,17.71,18.67,02a58337o0859c
58347.638491,18.609,1.118,131,146,o,0,1.74,69.73733,-20.66226,9321.12,5645.71,3.28,2.83,-81.6,-0.453,16.98,17.38,01a58347o0779o
58347.610289,20.931,0.703,15,11,o,0,1.29,69.73733,-20.66226,9261.00,5724.93,3.18,2.83,-84.3,-0.420,19.34,21.09,01a58347o0718o
58347.614904,20.312,0.485,27,13,o,0,0.97,69.73733,-20.66226,9244.25,5686.75,3.14,2.76,-82.7,-0.423,19.31,21.05,01a58347o0728o
58361.598045,19.927,0.489,39,19,o,0,1.43,69.73733,-20.66226,2362.12,8049.53,2.29,1.99,-33.8,-0.430,19.06,19.75,02a58361o0695o
58347.624153,21.157,1.016,12,13,o,0,1.49,69.73733,-20.66226,9300.70,5762.70,3.13,2.76,-81.0,-0.424,19.21,20.70,01a58347o0748o
58361.614774,20.035,0.625,35,22,o,0,0.79,69.73733,-20.66226,2286.61,8088.86,2.21,2.00,-13.7,-0.440,19.08,19.82,02a58361o0728o
58361.605478,19.652,0.398,50,20,o,0,1.12,69.73733,-20.66226,2306.71,7972.15,2.23,2.00,-35.8,-0.428,19.11,19.78,02a58361o0711o
58363.600356,15.521,0.012,2248,27,o,0,781.31,69.73733,-20.66226,7313.29,4993.05,3.11,2.77,-83.4,-0.431,18.87,20.08,01a58363o0743o
58363.607731,20.677,1.069,20,21,o,0,1.10,69.73733,-20.66226,7368.54,5069.52,3.10,2.74,-82.1,-0.435,18.88,20.10,01a58363o0759o
58363.592527,19.180,0.295,77,23,o,0,0.84,69.73733,-20.66226,7331.82,5032.17,3.18,2.81,-80.7,-0.428,18.84,20.07,01a58363o0726o
58363.615584,19.762,0.411,45,19,o,0,1.05,69.73733,-20.66226,7385.73,4953.13,3.20,2.82,-81.5,-0.443,18.90,20.14,01a58363o0776o
58367.587508,19.676,0.312,49,15,o,0,0.82,69.73733,-20.66226,577.54,4489.06,2.98,2.64,-84.2,-0.440,19.41,21.10,01a58367o0795o
58367.595354,20.137,0.380,32,12,o,0,1.20,69.73733,-20.66226,558.81,4450.88,3.03,2.70,-82.6,-0.431,19.42,21.12,01a58367o0812o
58367.603894,20.055,0.356,34,12,o,0,1.12,69.73733,-20.66226,612.22,4530.19,3.13,2.75,-77.1,-0.426,19.36,21.09,01a58367o0829o
58367.596740,19.544,0.224,55,12,o,0,1.42,69.73733,-20.66226,10210.82,4390.69,3.02,2.61,-84.8,-0.441,19.39,21.05,01a58367o0815o
58367.605284,19.938,0.352,38,14,o,0,0.84,69.73733,-20.66226,10191.04,4350.98,3.10,2.77,-84.3,-0.429,19.33,21.06,01a58367o0832o
58367.611753,19.523,0.219,56,12,o,0,0.99,69.73733,-20.66226,629.08,4414.78,2.99,2.65,-83.2,-0.435,19.42,21.14,01a58367o0846o
58367.613149,19.458,0.216,60,13,o,0,0.80,69.73733,-20.66226,10247.11,4426.64,3.10,2.78,-82.5,-0.428,19.36,21.08,01a58367o0849o
58367.622016,19.802,0.325,44,14,o,0,0.78,69.73733,-20.66226,10264.94,4308.99,3.02,2.70,-83.1,-0.434,19.35,21.07,01a58367o0866o
58369.581862,19.341,0.155,67,10,o,0,1.10,69.73733,-20.66226,3395.00,5348.13,2.08,1.88,-35.7,-0.448,19.56,20.65,02a58369o0795o
58369.589219,19.352,0.149,66,10,o,0,1.28,69.73733,-20.66226,3411.11,5386.75,2.11,1.91,-26.6,-0.442,19.59,20.67,02a58369o0811o
58369.604041,19.611,0.229,52,12,o,0,0.82,69.73733,-20.66226,3335.33,5425.35,2.15,1.92,-39.8,-0.438,19.64,20.78,02a58369o0843o
58369.596609,19.323,0.138,68,9,o,0,1.34,69.73733,-20.66226,3355.26,5309.68,2.10,1.89,-39.3,-0.444,19.60,20.78,02a58369o0827o
58371.577888,19.579,0.317,54,17,o,0,1.20,69.73733,-20.66226,7169.09,5093.53,3.18,2.85,-86.0,-0.422,19.14,20.55,01a58371o0785o
58371.585269,19.055,0.172,87,15,o,0,1.27,69.73733,-20.66226,7151.82,5053.86,3.32,2.98,-89.0,-0.414,19.16,20.71,01a58371o0801o
58371.593134,19.034,0.169,88,15,o,0,1.13,69.73733,-20.66226,7207.24,5130.68,3.32,2.98,-84.6,-0.416,19.19,20.79,01a58371o0818o
58371.600525,21.354,1.489,10,16,o,0,0.89,69.73733,-20.66226,7224.41,5014.06,3.31,2.98,-89.5,-0.416,19.21,20.91,01a58371o0834o
58375.555093,18.253,0.097,181,18,o,0,23.76,69.73733,-20.66226,399.65,3649.60,3.12,2.72,-84.6,-0.432,19.07,20.57,01a58375o0299o
58375.562011,18.585,0.129,134,17,o,0,0.91,69.73733,-20.66226,380.37,3611.91,3.09,2.72,-86.1,-0.432,19.16,20.72,01a58375o0314o
58375.568465,18.805,0.147,109,16,o,0,0.92,69.73733,-20.66226,435.41,3690.97,3.04,2.67,-86.7,-0.435,19.20,20.69,01a58375o0328o
58375.564312,19.897,0.371,40,15,o,0,1.61,69.73733,-20.66226,10036.92,3559.73,3.09,2.71,-83.4,-0.434,19.12,20.57,01a58375o0319o
58375.570770,19.734,0.362,46,17,o,0,0.86,69.73733,-20.66226,10017.89,3520.16,3.03,2.67,-84.1,-0.440,19.20,20.64,01a58375o0333o
58375.578510,19.241,0.248,73,18,o,0,0.83,69.73733,-20.66226,451.60,3575.81,3.38,2.98,-81.1,-0.409,19.11,20.71,01a58375o0343o
58375.587302,18.939,0.221,96,21,o,0,1.19,69.73733,-20.66226,10093.10,3478.51,3.12,2.79,-86.8,-0.430,18.91,20.35,01a58375o0362o
58375.580830,19.443,0.285,61,17,o,0,1.06,69.73733,-20.66226,10073.28,3595.25,3.11,2.77,-86.2,-0.430,19.07,20.54,01a58375o0348o
58381.649243,18.054,0.455,218,99,o,0,1.24,69.73733,-20.66226,9946.27,2293.46,2.86,2.40,0.9,-0.318,17.08,17.00,02a58381o0850o
58381.642320,19.622,0.496,52,26,o,0,0.98,69.73733,-20.66226,291.87,2271.50,2.50,2.22,-59.0,-0.388,18.60,18.95,02a58381o0835o
58381.644148,18.450,0.252,151,38,o,0,0.78,69.73733,-20.66226,9964.76,2332.40,2.44,2.15,-64.2,-0.417,18.29,18.46,02a58381o0839o
58381.627226,18.657,0.096,125,12,o,0,1.74,69.73733,-20.66226,313.82,2307.84,2.19,2.02,86.9,-0.441,19.42,20.40,02a58381o0802o
58383.579555,18.679,0.195,123,24,o,0,1.00,69.73733,-20.66226,7254.73,2450.96,4.50,3.08,-1.8,-0.389,18.75,20.19,01a58383o0774o
58383.552409,19.172,0.315,78,24,o,0,1.06,69.73733,-20.66226,7198.11,2530.18,3.34,3.07,-79.6,-0.427,18.62,19.72,01a58383o0716o
58383.568486,18.735,0.179,116,21,o,0,1.14,69.73733,-20.66226,7182.42,2490.72,3.29,2.94,-70.3,-0.410,18.84,19.96,01a58383o0750o
58383.574944,19.296,0.294,70,20,o,0,1.01,69.73733,-20.66226,7235.58,2567.68,3.37,2.98,-17.1,-0.417,18.87,20.09,01a58383o0764o
58385.577128,18.615,0.277,130,36,o,0,1.52,69.73733,-20.66226,2559.83,7226.64,2.11,1.89,-16.6,-0.449,18.34,18.54,02a58385o0781o
58385.586824,18.703,0.562,120,67,o,0,1.40,69.73733,-20.66226,2575.16,7265.19,2.28,1.97,-37.1,-0.435,17.39,17.35,02a58385o0802o
58385.596497,22.444,44.000,4,168,o,0,1.53,69.73733,-20.66226,2518.54,7187.03,2.27,1.95,-41.5,-0.436,16.86,16.80,02a58385o0823o
58385.606355,18.765,0.310,113,35,o,0,1.47,69.73733,-20.66226,2479.07,7302.72,2.11,1.91,-30.8,-0.444,18.39,18.59,02a58385o0844o
58386.488521,18.453,0.695,151,105,o,0,2.18,69.73733,-20.66226,10057.74,6661.69,2.13,1.91,16.8,-0.450,17.85,18.01,02a58386o0365o
58386.512959,18.598,0.567,132,75,o,0,0.75,69.73733,-20.66226,443.17,6692.59,2.14,1.93,-26.7,-0.452,17.39,17.55,02a58386o0414o
58386.497123,17.928,0.679,245,166,o,0,1.25,69.73733,-20.66226,10076.64,6700.54,2.34,2.14,15.6,-0.449,17.51,17.49,02a58386o0382o
58386.505707,17.504,0.593,362,214,o,0,1.21,69.73733,-20.66226,10005.14,6620.59,2.14,1.90,-6.3,-0.455,17.61,17.60,02a58386o0399o
58386.529834,17.856,0.640,262,168,o,0,0.98,69.73733,-20.66226,368.41,6730.84,2.20,2.00,-13.8,-0.441,17.32,17.49,02a58386o0448o
58386.504616,19.854,2.725,42,113,o,0,1.16,69.73733,-20.66226,424.30,6654.86,2.12,1.94,35.1,-0.461,17.42,17.34,02a58386o0397o
58386.514040,-20.862,10.424,-16,171,o,0,1.82,69.73733,-20.66226,9987.50,6736.75,2.08,1.88,21.6,-0.473,17.51,17.37,02a58386o0416o
58386.521519,18.821,0.437,108,47,o,0,0.87,69.73733,-20.66226,388.07,6614.89,2.17,1.95,35.3,-0.459,18.24,18.26,02a58386o0431o
58387.573577,19.024,0.337,89,30,o,0,1.11,69.73733,-20.66226,8306.99,3300.78,3.54,3.21,-84.1,-0.415,18.38,19.49,01a58387o0655o
58387.593108,19.111,0.380,82,31,o,0,0.96,69.73733,-20.66226,8341.71,3338.67,3.61,3.24,-87.4,-0.404,18.46,19.55,01a58387o0697o
58387.583339,18.502,0.225,144,32,o,0,0.89,69.73733,-20.66226,8287.92,3262.25,3.54,3.15,-88.5,-0.409,18.44,19.54,01a58387o0676o
58387.602807,18.656,0.224,125,28,o,0,1.31,69.73733,-20.66226,8376.20,3221.24,3.64,3.30,-84.6,-0.399,18.46,19.57,01a58387o0718o
58389.538105,18.960,0.354,95,34,o,0,1.30,69.73733,-20.66226,3312.16,8371.23,2.48,2.08,-44.3,-0.407,18.71,19.16,02a58389o0637o
58389.551892,18.576,0.213,135,29,o,0,1.49,69.73733,-20.66226,3273.89,8332.03,2.36,2.00,-43.4,-0.412,18.79,19.28,02a58389o0667o
58389.545006,18.569,0.234,136,32,o,0,1.02,69.73733,-20.66226,3328.70,8409.88,2.38,2.03,-42.9,-0.416,18.81,19.23,02a58389o0652o
58389.558793,18.805,0.265,109,29,o,0,1.22,69.73733,-20.66226,3253.54,8448.46,2.34,2.05,-42.5,-0.423,18.83,19.30,02a58389o0682o
58391.540578,18.398,0.174,159,28,o,0,0.93,69.73733,-20.66226,7684.78,3954.61,3.31,2.98,-77.2,-0.416,18.56,19.67,01a58391o0730o
58391.530913,19.261,0.361,72,26,o,0,0.96,69.73733,-20.66226,7703.92,3993.63,3.38,3.02,-77.5,-0.416,18.53,19.52,01a58391o0709o
58391.553940,18.889,0.246,101,25,o,0,1.03,69.73733,-20.66226,7757.27,3913.48,3.76,2.97,-4.8,-0.391,18.56,19.68,01a58391o0759o
58391.556705,19.055,0.317,87,28,o,0,0.92,69.73733,-20.66226,7739.36,4029.70,3.51,2.94,-9.9,-0.402,18.51,19.66,01a58391o0765o
58393.537424,18.563,0.256,136,35,o,0,0.97,69.73733,-20.66226,3143.04,5018.84,2.23,2.05,35.0,-0.441,18.31,19.20,02a58393o0729o
58393.527019,18.716,0.187,118,22,o,0,1.21,69.73733,-20.66226,3125.33,4981.03,2.19,2.02,41.6,-0.445,18.86,19.58,02a58393o0707o
58393.555062,18.556,0.093,137,13,o,0,1.40,69.73733,-20.66226,3066.03,5058.59,2.36,2.08,-39.6,-0.426,19.36,20.28,02a58393o0760o
58393.558262,18.520,0.080,142,11,o,0,1.17,69.73733,-20.66226,3084.67,4942.13,2.15,1.97,-32.3,-0.443,19.38,20.28,02a58393o0767o
58395.551549,18.676,0.152,123,19,o,0,1.10,69.73733,-20.66226,7925.67,5147.88,3.19,2.80,-71.8,-0.420,18.99,20.55,01a58395o0699o
58395.530798,18.850,0.155,105,16,o,0,1.09,69.73733,-20.66226,7873.15,5228.20,3.28,2.86,-11.7,-0.411,19.03,20.56,01a58395o0654o
58395.544634,19.038,0.203,88,18,o,0,1.28,69.73733,-20.66226,7908.41,5264.58,3.15,2.76,-30.7,-0.422,19.00,20.52,01a58395o0684o
58395.537720,19.000,0.165,91,15,o,0,1.42,69.73733,-20.66226,7853.91,5189.14,3.21,2.78,-10.7,-0.416,19.05,20.60,01a58395o0669o
58397.639825,18.357,0.087,165,14,c,0,1.09,69.73733,-20.66226,9450.96,3000.83,3.15,2.86,-68.7,-0.353,19.24,20.71,02a58397o0059c
58397.650450,17.730,0.348,294,102,c,0,1.04,69.73733,-20.66226,9431.80,2963.73,2.94,2.67,-69.7,-0.360,17.10,17.75,02a58397o0082c
58401.525336,18.157,0.051,198,10,c,0,1.36,69.73733,-20.66226,1463.39,6949.99,2.68,2.47,-57.6,-0.399,19.66,21.50,02a58401o0713c
58401.533222,18.252,0.054,182,10,c,0,1.22,69.73733,-20.66226,1407.57,6872.73,2.71,2.51,-47.1,-0.396,19.67,21.51,02a58401o0730c
58401.517496,18.192,0.052,192,10,c,0,1.39,69.73733,-20.66226,1448.32,6911.91,2.73,2.54,-51.5,-0.398,19.64,21.48,02a58401o0696c
58403.649321,17.654,0.524,315,165,o,0,1.17,69.73733,-20.66226,1254.83,5212.01,3.41,2.89,-86.8,-0.481,16.87,17.18,01a58403o0820o
58401.541041,18.285,0.054,176,10,c,0,1.33,69.73733,-20.66226,1387.22,6988.91,2.72,2.51,-49.4,-0.394,19.67,21.52,02a58401o0747c
58403.618700,18.539,0.106,139,15,o,0,1.17,69.73733,-20.66226,1310.92,5138.81,3.13,2.81,-83.9,-0.433,19.22,20.74,01a58403o0754o
58403.639100,18.644,0.159,127,20,o,0,1.44,69.73733,-20.66226,1272.60,5096.41,3.15,2.83,-84.7,-0.435,18.83,19.98,01a58403o0798o
58403.628406,18.556,0.119,137,16,o,0,0.76,69.73733,-20.66226,1347.30,5174.12,3.16,2.77,-7.8,-0.423,19.20,20.77,01a58403o0775o
58405.598135,18.142,0.045,201,9,c,0,1.88,69.73733,-20.66226,322.20,3438.81,2.59,2.43,52.5,-0.423,19.74,21.57,02a58405o0805c
58405.608340,18.164,0.051,197,10,c,0,1.77,69.73733,-20.66226,304.48,3400.40,2.57,2.41,50.5,-0.425,19.70,21.52,02a58405o0827c
58405.618093,18.108,0.048,207,10,c,0,1.28,69.73733,-20.66226,360.40,3480.49,2.57,2.42,65.2,-0.422,19.77,21.53,02a58405o0848c
58405.628327,18.125,0.046,204,9,c,0,1.92,69.73733,-20.66226,378.74,3365.28,2.61,2.45,-89.8,-0.415,19.69,21.48,02a58405o0870c
58409.608956,-18.670,1.191,-124,147,o,0,1.39,69.73733,-20.66226,6611.41,3160.87,2.19,2.01,-81.2,-0.439,16.35,17.33,02a58409o0842o
58405.621385,18.364,0.061,164,10,c,0,1.39,69.73733,-20.66226,9926.58,3424.98,2.61,2.45,53.3,-0.425,19.72,21.52,02a58405o0855c
58405.631093,18.233,0.053,185,10,c,0,1.43,69.73733,-20.66226,9998.17,3505.64,2.77,2.53,-71.3,-0.391,19.66,21.47,02a58405o0876c
58409.589029,18.381,0.104,161,17,o,0,1.41,69.73733,-20.66226,6541.83,3193.44,2.12,1.98,43.6,-0.445,19.08,20.25,02a58409o0799o
58405.611180,18.258,0.059,181,11,c,0,0.94,69.73733,-20.66226,9963.03,3462.10,2.62,2.45,46.8,-0.423,19.72,21.52,02a58405o0833c
58409.578778,18.630,0.140,128,18,o,0,1.03,69.73733,-20.66226,6561.22,3231.61,2.16,2.00,-62.3,-0.441,19.12,20.35,02a58409o0777o
58405.641298,18.418,0.091,156,14,c,0,1.21,69.73733,-20.66226,10017.61,3390.04,2.65,2.47,-83.7,-0.406,19.33,20.58,02a58405o0898c
58409.598754,18.510,0.115,143,16,o,0,1.12,69.73733,-20.66226,6591.58,3275.96,2.39,2.14,-64.2,-0.403,18.92,20.17,02a58409o0820o
58413.510671,18.343,0.121,167,20,o,0,1.09,69.73733,-20.66226,9879.87,6993.81,2.12,1.95,45.7,-0.454,19.08,19.58,02a58413o0659o
58413.517076,17.992,0.079,231,18,o,0,1.29,69.73733,-20.66226,274.18,7023.46,2.19,1.98,18.4,-0.438,19.08,19.63,02a58413o0673o
58413.521194,18.226,0.080,186,15,o,0,2.33,69.73733,-20.66226,9856.38,7107.76,2.14,1.97,-43.1,-0.434,19.08,19.62,02a58413o0682o
58413.497806,18.549,0.123,138,17,o,0,1.92,69.73733,-20.66226,9916.25,7031.48,2.13,1.97,32.5,-0.443,19.05,19.55,02a58413o0631o
58413.506534,18.228,0.105,186,20,o,0,1.35,69.73733,-20.66226,9936.05,7071.59,2.13,1.96,40.8,-0.453,19.11,19.58,02a58413o0650o
58413.525311,18.445,0.111,152,17,o,0,1.32,69.73733,-20.66226,291.59,7061.49,2.17,1.97,47.2,-0.450,19.10,19.64,02a58413o0691o
58413.528975,18.179,0.092,194,18,o,0,1.43,69.73733,-20.66226,236.66,6987.15,2.15,1.95,45.5,-0.452,19.12,19.63,02a58413o0699o
58413.541282,18.121,0.096,205,20,o,0,1.21,69.73733,-20.66226,213.32,7099.82,2.16,1.97,44.8,-0.447,19.12,19.68,02a58413o0725o
58416.508551,18.196,0.191,191,36,o,0,0.83,69.73733,-20.66226,8535.28,3096.84,3.26,2.89,-80.4,-0.418,18.27,19.08,01a58416o0657o
58416.497807,18.498,0.230,145,33,o,0,1.01,69.73733,-20.66226,8554.46,3134.97,3.18,2.83,-82.1,-0.425,18.22,19.01,01a58416o0638o
58416.519293,18.482,0.232,147,34,o,0,1.07,69.73733,-20.66226,8588.81,3173.14,3.28,2.87,-22.5,-0.415,18.31,19.10,01a58416o0676o
58416.529293,18.141,0.179,201,36,o,0,1.11,69.73733,-20.66226,8600.44,3056.81,3.55,3.26,-83.9,-0.400,18.13,19.07,01a58416o0695o
58417.561461,18.216,0.152,188,29,o,0,1.40,69.73733,-20.66226,265.86,2750.91,2.29,2.15,56.1,-0.439,18.60,18.91,02a58417o0783o
58417.571135,18.369,0.161,163,26,o,0,1.01,69.73733,-20.66226,248.01,2712.53,2.25,2.10,55.1,-0.449,18.56,18.88,02a58417o0804o
58417.576214,17.992,0.109,231,25,o,0,1.04,69.73733,-20.66226,9913.13,2777.28,2.30,2.12,-77.0,-0.418,18.63,18.94,02a58417o0815o
58417.580822,18.063,0.140,216,30,o,0,0.81,69.73733,-20.66226,303.98,2791.54,2.26,2.09,73.8,-0.446,18.61,18.86,02a58417o0825o
58417.585901,18.062,0.118,216,26,o,0,1.44,69.73733,-20.66226,9895.20,2738.64,2.20,2.05,89.1,-0.448,18.66,18.92,02a58417o0836o
58417.595588,18.057,0.128,217,28,o,0,1.01,69.73733,-20.66226,9950.29,2817.91,2.31,2.15,80.5,-0.442,18.60,18.91,02a58417o0857o
58417.590543,18.230,0.145,185,27,o,0,1.22,69.73733,-20.66226,323.20,2675.69,2.26,2.10,82.7,-0.446,18.56,18.83,02a58417o0846o
58417.605311,18.575,0.209,135,28,o,0,1.06,69.73733,-20.66226,9970.62,2701.38,2.37,2.20,-87.6,-0.433,18.51,18.89,02a58417o0878o
58423.597449,18.127,0.081,204,17,o,0,1.16,69.73733,-20.66226,3362.16,8045.44,3.35,2.95,-78.6,-0.424,19.08,20.56,01a58423o0449o
58423.575026,18.393,0.089,160,14,o,0,1.54,69.73733,-20.66226,3401.19,8086.60,3.10,2.77,-82.0,-0.433,19.26,20.82,01a58423o0403o
58423.585597,18.141,0.083,201,17,o,0,1.01,69.73733,-20.66226,3418.91,8123.25,3.40,3.01,-24.8,-0.409,19.14,20.76,01a58423o0425o
58423.608499,18.277,0.092,178,16,o,0,1.48,69.73733,-20.66226,3344.35,8161.94,3.29,2.91,-76.8,-0.423,19.08,20.48,01a58423o0472o
58429.552752,17.755,0.037,287,11,c,0,1.32,69.73733,-20.66226,7324.34,5069.22,2.60,2.42,50.7,-0.424,19.68,21.62,02a58429o0788c
58429.562431,17.781,0.040,280,11,c,0,0.86,69.73733,-20.66226,7305.50,5034.24,2.83,2.61,-81.5,-0.388,19.65,21.67,02a58429o0809c
58427.558551,18.160,0.073,198,14,o,0,1.21,69.73733,-20.66226,3350.51,8323.51,3.16,2.68,-84.8,-0.438,19.37,21.07,01a58427o0747o
58427.589664,18.434,0.083,154,13,o,0,1.63,69.73733,-20.66226,3294.05,8398.56,3.28,2.78,-84.7,-0.433,19.26,20.98,01a58427o0814o
58427.579401,18.268,0.085,179,15,o,0,0.91,69.73733,-20.66226,3312.03,8282.29,3.11,2.59,-84.0,-0.447,19.37,21.00,01a58427o0792o
58427.568725,18.206,0.065,190,12,o,0,1.65,69.73733,-20.66226,3368.77,8360.52,3.04,2.69,-82.6,-0.431,19.33,21.01,01a58427o0769o
58429.572638,17.778,0.036,281,10,c,0,1.39,69.73733,-20.66226,7360.04,5112.75,2.60,2.45,80.4,-0.421,19.73,21.71,02a58429o0831c
58429.582952,17.830,0.042,268,11,c,0,0.92,69.73733,-20.66226,7379.69,4997.11,2.59,2.44,84.1,-0.422,19.74,21.68,02a58429o0853c
58433.546988,18.213,0.514,188,97,c,0,1.16,69.73733,-20.66226,9392.83,3426.30,2.67,2.51,51.8,-0.411,17.13,18.76,02a58433o0752c
58433.566410,-17.083,4.472,-533,2384,c,0,1.25,69.73733,-20.66226,9426.44,3469.88,2.86,2.65,-70.6,-0.371,14.97,16.65,02a58433o0794c
58433.576688,-18.218,5.326,-187,998,c,0,0.88,69.73733,-20.66226,9447.70,3353.38,2.74,2.56,-76.4,-0.395,15.89,17.46,02a58433o0816c
58431.573960,18.107,0.105,208,22,o,0,0.87,69.73733,-20.66226,1246.44,5236.54,4.66,4.29,-86.3,-0.357,18.81,20.84,01a58431o0808o
58431.553510,18.225,0.087,186,16,o,0,0.82,69.73733,-20.66226,1313.70,5117.38,3.34,3.01,-82.6,-0.403,19.17,20.89,01a58431o0764o
58431.563732,18.262,0.119,180,22,o,0,1.01,69.73733,-20.66226,1262.20,5080.18,4.87,4.42,84.2,-0.335,18.75,20.86,01a58431o0786o
58431.543800,18.247,0.095,182,17,o,0,1.11,69.73733,-20.66226,1291.10,5041.21,3.88,3.34,-89.2,-0.378,19.04,20.87,01a58431o0743o
58435.520626,18.572,1.162,135,157,o,0,1.01,69.73733,-20.66226,3795.27,5319.18,3.33,3.01,-80.3,-0.423,16.21,17.98,01a58435o0732o
58435.530343,18.239,1.500,184,276,o,0,0.91,69.73733,-20.66226,3818.12,5395.95,3.21,2.83,-86.0,-0.431,16.08,17.76,01a58435o0753o
58435.540046,17.456,0.348,378,132,o,0,1.21,69.73733,-20.66226,3767.01,5357.38,3.13,2.79,-40.3,-0.432,17.29,18.98,01a58435o0774o
58435.549766,18.193,0.098,192,19,o,0,1.18,69.73733,-20.66226,3751.85,5511.02,3.19,2.80,-83.6,-0.417,18.95,20.64,01a58435o0795o
58437.533971,18.444,0.960,152,146,o,0,0.78,69.73733,-20.66226,8041.91,3222.69,2.64,2.40,-82.2,-0.402,17.01,18.36,02a58437o0671o
58437.514597,18.082,0.383,212,81,o,0,1.18,69.73733,-20.66226,8007.30,3183.31,2.46,2.27,-73.3,-0.403,17.21,18.43,02a58437o0629o
58437.524313,18.082,0.110,212,23,o,0,1.37,69.73733,-20.66226,7989.30,3144.79,2.58,2.36,-71.6,-0.413,18.24,19.59,02a58437o0650o
58441.518145,17.881,0.089,256,23,o,0,0.86,69.73733,-20.66226,7549.13,3863.78,2.22,2.07,70.4,-0.439,18.96,19.65,02a58441o0725o
58441.528292,17.977,0.056,234,13,o,0,1.84,69.73733,-20.66226,7531.98,3826.20,2.21,2.04,83.7,-0.444,19.26,20.10,02a58441o0747o
58441.538008,18.221,0.075,187,14,o,0,1.32,69.73733,-20.66226,7584.86,3905.20,2.20,2.02,80.6,-0.445,19.33,20.19,02a58441o0768o
58444.482319,16.980,1.631,586,956,o,0,1.10,69.73733,-20.66226,1687.10,7749.71,4.06,3.54,-84.9,-0.404,16.07,16.82,01a58444o0593o
58441.548256,18.022,0.054,224,12,o,0,1.73,69.73733,-20.66226,7604.58,3790.25,2.24,2.07,-83.1,-0.438,19.26,20.24,02a58441o0790o
58443.497704,18.275,0.258,178,46,o,0,0.93,69.73733,-20.66226,1898.76,6648.75,3.40,3.04,-85.6,-0.408,18.39,19.34,01a58443o0683o
58443.507512,18.373,0.262,162,43,o,0,1.21,69.73733,-20.66226,1922.04,6726.34,3.48,3.12,-87.3,-0.406,18.35,19.32,01a58443o0704o
58443.526946,17.491,0.131,366,48,o,0,1.46,69.73733,-20.66226,1855.74,6841.88,3.39,3.01,84.3,-0.410,18.27,19.25,01a58443o0746o
58443.517221,17.910,0.193,249,48,o,0,0.91,69.73733,-20.66226,1869.89,6687.57,3.23,2.85,-84.3,-0.422,18.37,19.29,01a58443o0725o
58447.530096,18.134,0.248,202,50,o,0,0.91,69.73733,-20.66226,2041.15,6989.29,3.67,3.25,-88.6,-0.407,18.31,19.35,01a58447o0730o
58447.520832,17.857,0.154,261,40,o,0,1.29,69.73733,-20.66226,2094.77,7029.79,3.50,3.21,-90.0,-0.401,18.38,19.37,01a58447o0710o
58447.510637,18.369,0.226,163,37,o,0,1.41,69.73733,-20.66226,2073.93,6951.49,3.47,3.15,-86.5,-0.397,18.45,19.40,01a58447o0688o
58447.540360,17.812,0.176,272,48,o,0,0.94,69.73733,-20.66226,2025.09,7143.42,3.39,3.02,-89.0,-0.416,18.37,19.30,01a58447o0752o
58449.512955,18.265,0.123,180,22,o,0,1.30,69.73733,-20.66226,9211.36,3148.68,2.31,2.11,71.8,-0.438,18.68,19.14,02a58449o0725o
58449.522650,17.818,0.097,271,26,o,0,1.37,69.73733,-20.66226,9263.33,3229.56,2.54,2.28,-81.1,-0.402,18.52,19.02,02a58449o0746o
58449.503263,17.913,0.115,248,29,o,0,0.92,69.73733,-20.66226,9230.21,3186.05,2.34,2.19,65.3,-0.439,18.67,19.18,02a58449o0704o
58449.532894,17.975,0.120,234,28,o,0,0.69,69.73733,-20.66226,9284.14,3113.06,2.37,2.14,-71.7,-0.424,18.61,19.12,02a58449o0768o
58451.499451,17.761,0.062,286,18,o,0,1.09,69.73733,-20.66226,1925.90,7946.48,3.57,3.14,-80.5,-0.402,19.11,20.78,01a58451o0687o
58451.509663,17.747,0.057,289,16,o,0,1.24,69.73733,-20.66226,1964.82,8024.71,3.51,3.11,-79.9,-0.406,19.11,20.78,01a58451o0709o
58451.519362,17.887,0.066,254,17,o,0,1.19,69.73733,-20.66226,1894.03,7985.17,3.50,3.10,-88.3,-0.408,19.13,20.78,01a58451o0730o
58451.529621,17.916,0.068,248,17,o,0,1.41,69.73733,-20.66226,1878.05,8139.57,3.67,3.21,-85.3,-0.407,19.06,20.79,01a58451o0752o
58453.510086,17.303,0.450,435,196,o,0,0.27,69.73733,-20.66226,1835.78,10519.60,2.22,2.04,-67.8,-0.431,19.60,20.94,02a58453o0451o
58455.439195,17.878,0.061,256,16,o,0,1.23,69.73733,-20.66226,6836.62,6314.66,3.87,3.34,-83.4,-0.405,19.13,21.11,01a58455o0536o
58455.440117,17.979,0.075,234,18,o,0,0.95,69.73733,-20.66226,6854.48,6358.05,4.04,3.40,89.7,-0.395,19.14,21.13,01a58455o0538o
58455.453952,18.012,0.067,227,15,o,0,0.89,69.73733,-20.66226,6790.86,6449.85,3.30,2.90,-79.7,-0.417,19.28,21.16,01a58455o0568o
58453.511002,18.045,0.052,220,11,o,0,1.69,69.73733,-20.66226,7776.01,862.63,2.26,2.01,-67.6,-0.426,19.62,21.00,02a58453o0453o
58455.447963,17.956,0.058,238,14,o,0,1.25,69.73733,-20.66226,6804.53,6311.05,3.42,2.81,-87.0,-0.422,19.32,21.17,01a58455o0555o
58459.410311,17.982,0.059,233,14,o,0,1.56,69.73733,-20.66226,8663.78,473.23,3.35,2.92,-86.0,-0.425,19.24,21.04,01a58459o0493o
58459.401088,17.953,0.066,239,16,o,0,1.01,69.73733,-20.66226,8620.24,397.74,3.42,2.95,-87.6,-0.418,19.17,20.89,01a58459o0473o
58459.418597,18.018,0.073,225,16,o,0,0.97,69.73733,-20.66226,2782.06,10235.94,3.38,2.89,-85.4,-0.419,19.30,21.19,01a58459o0511o
58459.425868,17.887,0.059,254,15,o,0,1.14,69.73733,-20.66226,8601.73,455.83,3.30,2.93,-88.8,-0.413,19.23,20.99,01a58459o0526o
58459.429086,17.968,0.067,236,16,o,0,1.18,69.73733,-20.66226,2753.14,10240.18,3.49,3.01,-88.2,-0.413,19.21,20.97,01a58459o0533o
58459.428168,18.070,0.076,215,16,o,0,0.87,69.73733,-20.66226,2807.83,10313.98,3.46,3.08,-89.8,-0.401,19.25,21.00,01a58459o0531o
58459.431852,17.947,0.070,241,17,o,0,0.99,69.73733,-20.66226,8586.29,597.28,3.23,2.86,-89.5,-0.416,19.21,20.89,01a58459o0539o
58459.445591,18.132,0.081,203,16,o,0,1.06,69.73733,-20.66226,2741.79,10424.92,3.37,3.01,89.7,-0.410,19.19,20.83,01a58459o0568o
58463.424867,18.032,0.107,222,24,o,0,0.95,69.73733,-20.66226,4574.77,6458.33,3.80,3.56,-35.9,-0.383,18.68,20.73,01a58463o0423o
58465.405650,18.132,0.059,203,12,o,0,1.44,69.73733,-20.66226,5648.59,117.60,2.28,2.13,58.8,-0.437,19.61,21.03,02a58465o0485o
58465.406107,17.959,0.051,238,12,o,0,1.74,69.73733,-20.66226,5630.76,78.32,2.21,2.07,43.2,-0.443,19.64,21.02,02a58465o0486o
58465.422130,18.076,0.060,214,13,o,0,1.05,69.73733,-20.66226,5683.29,160.19,2.22,2.08,63.8,-0.441,19.67,21.11,02a58465o0521o
58465.423503,18.033,0.053,222,12,o,0,1.28,69.73733,-20.66226,9406.25,9793.78,2.24,2.10,67.7,-0.441,19.63,21.10,02a58465o0524o
58465.421674,17.958,0.054,238,13,o,0,1.23,69.73733,-20.66226,9460.35,9872.76,2.24,2.07,-88.8,-0.433,19.64,21.10,02a58465o0520o
58465.414799,17.968,0.050,236,12,o,0,1.44,69.73733,-20.66226,9424.25,9832.99,2.29,2.14,77.9,-0.438,19.62,21.05,02a58465o0505o
58465.428990,17.973,0.052,235,12,o,0,1.38,69.73733,-20.66226,9495.89,9754.96,2.45,2.21,-64.6,-0.411,19.56,21.10,02a58465o0536o
58467.406678,18.322,0.094,170,16,o,0,1.16,69.73733,-20.66226,6614.74,10229.48,3.67,3.28,0.8,-0.385,19.11,20.90,01a58467o0482o
58467.418666,18.082,0.075,212,16,o,0,1.09,69.73733,-20.66226,2830.52,636.19,3.55,3.03,-87.1,-0.406,19.18,20.91,01a58467o0508o
58467.414975,18.303,0.080,173,14,o,0,1.64,69.73733,-20.66226,6638.26,10301.85,3.57,3.23,-19.2,-0.385,19.16,20.94,01a58467o0500o
58467.426973,17.956,0.071,239,17,o,0,1.04,69.73733,-20.66226,2779.80,590.94,3.95,3.44,-10.3,-0.370,19.07,21.01,01a58467o0526o
58467.410366,17.889,0.069,254,18,o,0,0.84,69.73733,-20.66226,2806.55,563.69,3.55,3.28,-83.9,-0.391,19.10,20.87,01a58467o0490o
58467.426048,18.251,0.098,182,18,o,0,0.76,69.73733,-20.66226,6587.87,10268.03,3.50,3.16,-75.7,-0.394,19.19,21.02,01a58467o0524o
58467.431119,18.128,0.081,204,16,o,0,1.08,69.73733,-20.66226,6573.11,10406.82,3.81,3.51,-78.5,-0.365,19.10,21.13,01a58467o0535o
58467.434809,17.928,0.075,245,18,o,0,0.83,69.73733,-20.66226,2766.27,740.62,4.04,3.64,-81.2,-0.373,19.07,21.15,01a58467o0543o
58469.430856,18.204,0.069,190,13,o,0,1.53,69.73733,-20.66226,7604.96,4010.25,2.44,2.22,-66.7,-0.411,19.15,20.06,02a58469o0534o
58469.440118,17.992,0.067,231,15,o,0,0.92,69.73733,-20.66226,7589.31,3972.26,2.31,2.14,-82.8,-0.430,19.21,20.04,02a58469o0554o
58471.410163,18.136,0.129,202,26,o,0,1.06,69.73733,-20.66226,8463.21,2518.90,3.49,2.94,-84.2,-0.416,18.55,19.68,01a58471o0416o
58469.449813,18.047,0.068,219,15,o,0,1.12,69.73733,-20.66226,7643.63,4049.84,2.26,2.09,-75.8,-0.429,19.23,20.02,02a58469o0575o
58469.459006,18.118,0.080,206,16,o,0,1.05,69.73733,-20.66226,7663.26,3934.00,2.28,2.10,-78.8,-0.430,19.20,20.03,02a58469o0595o
58471.418943,18.383,0.182,161,29,o,0,0.96,69.73733,-20.66226,8485.50,2592.87,3.76,3.32,-89.1,-0.396,18.47,19.69,01a58471o0435o
58471.427720,18.196,0.126,191,24,o,0,1.16,69.73733,-20.66226,8433.50,2549.57,3.58,3.12,-86.9,-0.402,18.56,19.69,01a58471o0454o
58471.436489,18.057,0.125,217,27,o,0,1.06,69.73733,-20.66226,8401.41,2700.85,3.83,3.24,88.0,-0.394,18.50,19.67,01a58471o0473o
58473.409350,18.168,0.164,196,32,o,0,0.88,69.73733,-20.66226,1777.92,5908.21,2.38,2.21,80.5,-0.430,18.45,18.82,02a58473o0481o
58473.417178,17.821,0.109,270,29,o,0,1.09,69.73733,-20.66226,1759.61,5870.70,2.51,2.35,-84.8,-0.416,18.41,18.81,02a58473o0498o
58473.425909,18.193,0.175,192,34,o,0,0.89,69.73733,-20.66226,1814.19,5949.38,2.49,2.25,-70.1,-0.413,18.41,18.80,02a58473o0517o
58473.434221,17.840,0.121,265,32,o,0,1.03,69.73733,-20.66226,1852.30,5833.74,2.63,2.44,-77.2,-0.405,18.37,18.78,02a58473o0535o
58475.420327,17.909,0.146,249,36,o,0,1.14,69.73733,-20.66226,2764.35,2645.59,3.57,3.32,-70.6,-0.398,18.17,19.15,01a58475o0504o
58475.431858,18.024,0.155,224,35,o,0,1.25,69.73733,-20.66226,2786.87,2730.48,3.67,3.38,-86.0,-0.393,18.14,19.12,01a58475o0529o
58475.443854,18.629,0.312,128,40,o,0,1.02,69.73733,-20.66226,2734.78,2699.82,3.66,3.51,-12.2,-0.399,18.05,19.06,01a58475o0555o
58475.447538,17.847,0.148,264,39,o,0,1.27,69.73733,-20.66226,2719.21,2831.25,3.75,3.55,-73.3,-0.405,18.03,19.05,01a58475o0563o
58479.385824,18.344,0.133,167,22,o,0,0.91,69.73733,-20.66226,10334.06,8347.73,3.61,3.18,-11.7,-0.385,18.90,20.32,01a58479o0400o
58479.387668,18.155,0.112,199,22,o,0,0.96,69.73733,-20.66226,820.47,8422.32,3.55,3.28,-12.6,-0.385,18.90,20.33,01a58479o0404o
58479.394130,18.348,0.127,166,21,o,0,1.22,69.73733,-20.66226,10357.10,8420.21,3.92,3.26,-0.1,-0.374,18.83,20.29,01a58479o0418o
58479.395971,18.235,0.107,184,20,o,0,1.35,69.73733,-20.66226,843.86,8494.08,3.50,3.19,-11.6,-0.394,18.94,20.32,01a58479o0422o
58479.401968,18.318,0.117,171,20,o,0,1.36,69.73733,-20.66226,10305.20,8372.16,3.51,3.31,-45.0,-0.388,18.90,20.26,01a58479o0435o
58479.403823,17.968,0.096,236,23,o,0,0.90,69.73733,-20.66226,793.39,8448.57,3.60,3.30,2.7,-0.386,18.87,20.31,01a58479o0439o
58479.410325,18.239,0.129,184,24,o,0,1.18,69.73733,-20.66226,10290.98,8522.76,3.67,3.46,-50.3,-0.381,18.79,20.22,01a58479o0453o
58479.412178,18.176,0.106,195,21,o,0,1.23,69.73733,-20.66226,778.26,8598.74,3.43,3.15,89.7,-0.399,18.89,20.23,01a58479o0457o
58483.426539,18.167,0.071,196,14,o,0,1.07,69.73733,-20.66226,4691.67,4742.31,3.38,3.00,-87.6,-0.411,19.30,21.16,01a58483o0042o
58483.418218,18.120,0.068,205,14,o,0,1.08,69.73733,-20.66226,4707.70,4593.90,3.38,3.06,89.9,-0.400,19.27,21.23,01a58483o0024o
58483.410361,18.180,0.078,194,15,o,0,0.84,69.73733,-20.66226,4776.55,4638.96,3.39,3.07,-80.9,-0.403,19.26,21.18,01a58483o0007o
58485.407315,17.779,0.040,281,11,c,0,1.41,69.73733,-20.66226,9515.06,3953.82,2.77,2.57,-75.4,-0.395,19.60,21.70,02a58485o0463c
58485.398072,17.828,0.040,268,11,c,0,1.18,69.73733,-20.66226,9533.16,3991.32,2.85,2.59,-71.5,-0.379,19.58,21.69,02a58485o0443c
58485.407773,17.459,0.031,377,12,c,0,4.04,69.73733,-20.66226,99.57,3977.08,2.69,2.52,-79.3,-0.404,19.60,21.67,02a58485o0464c
58485.389342,-21.000,9.230,-14,133,c,0,0.02,69.73733,-20.66226,42.61,3935.87,2.81,2.59,-72.6,-0.386,19.62,21.66,02a58485o0424c
58485.416515,17.844,0.041,264,11,c,0,1.14,69.73733,-20.66226,9569.72,4031.70,2.72,2.50,-71.5,-0.393,19.65,21.69,02a58485o0483c
58485.425744,17.965,0.044,237,10,c,0,1.37,69.73733,-20.66226,9590.93,3915.10,2.85,2.59,-70.9,-0.384,19.60,21.69,02a58485o0503c
58485.416973,17.700,0.035,302,11,c,0,1.27,69.73733,-20.66226,119.34,3860.67,2.64,2.46,-78.9,-0.409,19.63,21.65,02a58485o0484c
58487.378717,18.190,0.086,192,17,o,0,1.17,69.73733,-20.66226,10486.98,4519.26,3.44,3.05,-15.7,-0.398,19.26,21.13,01a58487o0404o
58487.387800,18.024,0.063,224,14,o,0,1.16,69.73733,-20.66226,850.83,4623.36,3.26,2.88,-81.5,-0.412,19.33,21.21,01a58487o0423o
58487.388261,18.572,0.136,135,18,o,0,1.33,69.73733,-20.66226,10508.14,4596.37,3.24,2.87,-84.0,-0.416,19.33,21.16,01a58487o0424o
58487.398343,18.211,0.080,189,15,o,0,1.30,69.73733,-20.66226,10455.76,4557.66,3.49,3.16,-84.0,-0.399,19.23,21.15,01a58487o0445o
58487.406656,18.133,0.061,203,12,o,0,1.41,69.73733,-20.66226,820.73,4658.73,3.28,2.88,-83.8,-0.409,19.33,21.19,01a58487o0463o
58487.397881,18.376,0.091,162,15,o,0,1.06,69.73733,-20.66226,873.59,4701.53,3.49,3.10,-73.9,-0.394,19.25,21.18,01a58487o0444o
58487.415932,18.143,0.071,201,14,o,0,0.97,69.73733,-20.66226,805.38,4811.04,3.34,2.97,-82.0,-0.405,19.28,21.19,01a58487o0483o
58487.407115,18.367,0.100,163,16,o,0,0.87,69.73733,-20.66226,10438.95,4708.18,3.49,3.08,-84.5,-0.405,19.25,21.16,01a58487o0464o
58491.374096,18.159,0.063,198,12,o,0,1.14,69.73733,-20.66226,4658.98,8387.88,3.31,2.93,-87.1,-0.409,19.36,21.39,01a58491o0393o
58491.357942,18.223,0.068,186,13,o,0,1.25,69.73733,-20.66226,4688.86,8362.42,3.40,3.03,-82.3,-0.402,19.32,21.37,01a58491o0358o
58491.366238,18.198,0.072,191,14,o,0,1.14,69.73733,-20.66226,4711.25,8434.11,3.40,3.06,-88.3,-0.403,19.29,21.37,01a58491o0376o
58465.429448,-23.097,89.667,-2,188,o,0,0.03,69.73733,-20.66226,5701.63,42.61,2.27,2.13,82.6,-0.436,19.63,21.13,02a58465o0537o
58491.382403,18.102,0.066,208,14,o,0,1.15,69.73733,-20.66226,4643.67,8537.51,3.42,3.00,87.6,-0.399,19.33,21.38,01a58491o0411o
58493.358619,17.744,0.038,290,11,c,0,1.39,69.73733,-20.66226,1787.33,1989.03,2.86,2.63,-69.9,-0.375,19.59,21.69,02a58493o0351c
58493.350732,17.792,0.044,278,12,c,0,0.99,69.73733,-20.66226,1823.30,2028.67,3.00,2.78,-78.5,-0.375,19.53,21.70,02a58493o0334c
58493.366514,17.825,0.043,269,12,c,0,1.19,69.73733,-20.66226,1860.77,2068.69,2.85,2.59,-77.2,-0.379,19.61,21.66,02a58493o0368c
58493.374855,17.803,0.041,275,11,c,0,1.26,69.73733,-20.66226,1877.54,1952.06,2.98,2.70,-77.2,-0.372,19.55,21.64,02a58493o0386c
58495.371449,18.248,0.084,182,15,o,0,0.96,69.73733,-20.66226,6600.10,6543.05,3.21,2.87,-85.8,-0.418,19.22,20.95,01a58495o0384o
58495.389956,18.286,0.083,176,15,o,0,0.95,69.73733,-20.66226,6532.08,6653.52,3.20,2.82,-84.6,-0.420,19.29,20.94,01a58495o0424o
58495.380714,18.193,0.088,192,17,o,0,0.72,69.73733,-20.66226,6547.71,6501.97,3.24,2.88,-88.1,-0.421,19.25,20.91,01a58495o0404o
58495.362216,18.284,0.079,176,14,o,0,1.06,69.73733,-20.66226,6579.28,6467.99,3.20,2.86,-77.8,-0.417,19.28,20.94,01a58495o0364o
58497.346571,17.983,0.110,233,26,o,0,0.62,69.73733,-20.66226,1819.58,67.96,2.30,2.11,-84.4,-0.415,19.30,20.36,02a58497o0330o
58497.362300,17.905,0.069,250,17,o,0,1.30,69.73733,-20.66226,1856.84,109.40,2.58,2.26,-77.4,-0.392,19.17,20.34,02a58497o0364o
58497.358154,18.133,0.074,203,15,o,0,1.15,69.73733,-20.66226,5449.13,9785.60,2.28,2.12,-84.1,-0.422,19.29,20.31,02a58497o0355o
58497.349786,18.112,0.069,207,14,o,0,1.51,69.73733,-20.66226,5466.70,9823.87,2.29,2.12,-86.3,-0.422,19.24,20.31,02a58497o0337o
58497.365576,18.132,0.084,203,17,o,0,0.80,69.73733,-20.66226,5503.67,9865.33,2.23,2.06,88.5,-0.435,19.28,20.30,02a58497o0371o
58497.373951,18.226,0.069,186,13,o,0,1.63,69.73733,-20.66226,5522.39,9748.56,2.28,2.07,-82.5,-0.429,19.27,20.28,02a58497o0389o
58499.337253,18.027,0.097,224,22,o,0,1.22,69.73733,-20.66226,2798.64,4516.81,3.54,3.17,87.1,-0.402,18.79,20.08,01a58499o0306o
58501.339225,18.127,0.115,204,23,o,0,1.23,69.73733,-20.66226,3583.79,7827.20,2.23,2.04,34.9,-0.462,18.74,19.17,02a58501o0209o
58499.345083,18.202,0.102,190,19,o,0,1.27,69.73733,-20.66226,2839.01,4586.37,3.40,3.05,-86.1,-0.410,18.81,20.07,01a58499o0323o
58499.352467,18.070,0.108,215,23,o,0,0.98,69.73733,-20.66226,2768.24,4538.97,3.42,3.02,-89.7,-0.407,18.83,20.06,01a58499o0339o
58499.360317,18.240,0.109,184,20,o,0,0.97,69.73733,-20.66226,2752.96,4685.90,3.37,2.95,89.4,-0.412,18.84,20.05,01a58499o0356o
58501.333270,18.146,0.119,200,24,o,0,0.82,69.73733,-20.66226,3600.74,7866.94,2.19,2.00,49.1,-0.447,18.80,19.18,02a58501o0196o
58501.354052,18.146,0.111,200,22,o,0,1.36,69.73733,-20.66226,3678.08,7789.22,2.21,2.05,54.4,-0.455,18.74,19.16,02a58501o0239o
58501.346135,18.074,0.111,214,24,o,0,1.18,69.73733,-20.66226,3639.31,7905.48,2.15,1.98,31.6,-0.472,18.77,19.16,02a58501o0224o
58503.352867,18.314,0.320,172,55,o,0,1.05,69.73733,-20.66226,2763.67,8499.07,3.21,2.89,-81.1,-0.426,18.28,19.11,01a58503o0334o
58503.360271,18.691,0.486,121,59,o,0,1.00,69.73733,-20.66226,2783.31,8567.05,3.40,2.81,-85.8,-0.435,18.26,19.07,01a58503o0350o
58503.375533,18.882,0.642,102,65,o,0,1.08,69.73733,-20.66226,2712.92,8666.55,3.47,2.80,-86.8,-0.435,18.22,19.00,01a58503o0383o
58503.368140,18.718,0.508,118,60,o,0,1.16,69.73733,-20.66226,2729.58,8520.91,3.42,2.82,-87.9,-0.435,18.24,19.04,01a58503o0367o
58507.307389,17.871,0.192,258,50,o,0,0.76,69.73733,-20.66226,6602.48,8319.72,3.15,2.73,-83.0,-0.435,18.05,19.36,01a58507o0235o
58507.313860,18.609,0.234,131,31,o,0,1.23,69.73733,-20.66226,6624.89,8384.50,3.11,2.75,-84.7,-0.424,18.51,19.81,01a58507o0249o
58504.407011,18.601,0.689,132,91,o,0,1.24,69.73733,-20.66226,6633.18,8710.47,3.71,3.42,-79.9,-0.396,17.85,18.74,01a58504o0433o
58504.398145,18.485,0.640,146,94,o,0,1.06,69.73733,-20.66226,6615.61,8639.79,4.05,3.63,-75.1,-0.370,17.80,18.80,01a58504o0415o
58504.415258,19.927,2.782,39,108,o,0,1.08,69.73733,-20.66226,6577.30,8661.24,3.90,3.59,-80.1,-0.381,17.77,18.68,01a58504o0450o
58504.421258,17.676,0.375,309,116,o,0,0.97,69.73733,-20.66226,6564.79,8797.85,3.98,3.64,-76.0,-0.377,17.72,18.64,01a58504o0462o
58511.347147,18.627,0.126,129,16,o,0,0.98,69.73733,-20.66226,1058.43,2798.62,3.60,3.29,-84.3,-0.405,19.13,21.16,01a58511o0010o
58511.353149,18.581,0.128,134,17,o,0,0.93,69.73733,-20.66226,1005.33,2721.55,3.60,3.25,-87.8,-0.407,19.19,21.25,01a58511o0023o
58511.359155,18.308,0.096,173,16,o,0,0.84,69.73733,-20.66226,991.63,2837.85,3.67,3.19,-88.1,-0.409,19.20,21.27,01a58511o0036o
58519.327660,-20.166,0.454,-31,14,o,0,1.22,69.73733,-20.66226,3011.23,6625.09,3.40,3.07,-86.9,-0.414,19.23,21.12,01a58519o0270o
58519.319332,18.547,0.105,138,15,o,0,0.97,69.73733,-20.66226,2992.07,6587.13,3.27,2.93,-89.0,-0.421,19.29,21.13,01a58519o0252o
58519.335976,18.303,0.080,173,14,o,0,1.19,69.73733,-20.66226,2956.50,6548.46,3.37,3.04,-84.4,-0.416,19.22,21.10,01a58519o0288o
58519.344780,18.432,0.101,154,16,o,0,0.93,69.73733,-20.66226,2940.12,6664.16,3.50,3.04,-86.1,-0.421,19.20,21.09,01a58519o0307o
58515.308111,18.525,0.108,141,15,o,0,0.84,69.73733,-20.66226,1065.32,798.89,3.30,2.95,-80.1,-0.419,19.37,21.49,01a58515o0129o
58515.313654,18.595,0.101,132,13,o,0,1.14,69.73733,-20.66226,5036.30,10479.16,3.31,2.96,-83.8,-0.418,19.39,21.51,01a58515o0141o
58523.325608,18.543,0.108,139,15,o,0,0.90,69.73733,-20.66226,8711.79,4660.73,3.37,2.91,-87.8,-0.428,19.20,20.90,01a58523o0122o
58515.314574,18.469,0.101,149,15,o,0,0.91,69.73733,-20.66226,1085.07,836.95,3.36,3.02,-83.3,-0.409,19.33,21.48,01a58515o0143o
58515.306729,18.703,0.107,120,13,o,0,0.90,69.73733,-20.66226,5017.01,10440.45,3.20,2.86,-83.3,-0.427,19.44,21.53,01a58515o0126o
58527.289377,18.327,0.136,169,23,o,0,0.96,69.73733,-20.66226,6898.23,705.28,3.77,2.98,-86.5,-0.417,18.79,20.13,01a58527o0157o
58527.296313,18.439,0.123,153,19,o,0,1.27,69.73733,-20.66226,6917.55,743.19,3.32,2.91,-85.2,-0.435,18.88,20.11,01a58527o0172o
58527.304139,18.331,0.119,169,20,o,0,1.49,69.73733,-20.66226,6862.20,664.61,3.83,2.94,-88.1,-0.419,18.80,20.11,01a58527o0189o
58527.311517,18.309,0.124,172,21,o,0,1.29,69.73733,-20.66226,6845.85,782.55,3.66,2.86,-87.6,-0.432,18.82,20.10,01a58527o0205o
58527.312439,18.489,0.180,146,26,o,0,1.04,69.73733,-20.66226,1145.54,10503.53,3.81,2.92,-86.0,-0.420,18.84,20.15,01a58527o0207o
58531.285789,18.792,0.235,110,26,o,0,1.45,69.73733,-20.66226,4955.35,2676.75,3.10,2.76,-81.4,-0.439,18.55,19.50,01a58531o0167o
58531.309366,18.188,0.151,193,29,o,0,1.09,69.73733,-20.66226,4908.36,2757.89,3.58,2.87,-86.5,-0.435,18.40,19.40,01a58531o0218o
58531.293169,18.255,0.147,181,27,o,0,1.16,69.73733,-20.66226,4974.32,2717.08,3.49,2.80,-85.9,-0.439,18.46,19.48,01a58531o0183o
58531.301023,18.197,0.163,191,31,o,0,0.91,69.73733,-20.66226,4921.63,2640.35,3.64,2.94,-86.3,-0.433,18.41,19.44,01a58531o0200o
58539.273000,18.691,0.100,121,12,o,0,1.43,69.73733,-20.66226,6938.45,4589.44,3.22,2.97,90.0,-0.430,19.33,21.16,01a58539o0117o
58539.279918,18.630,0.111,128,14,o,0,0.81,69.73733,-20.66226,6957.97,4628.52,3.18,2.94,-90.0,-0.429,19.33,21.17,01a58539o0132o
58539.287294,18.665,0.111,124,14,o,0,0.83,69.73733,-20.66226,6903.35,4552.12,3.14,2.91,-88.1,-0.431,19.35,21.17,01a58539o0148o
58539.293743,18.572,0.107,135,14,o,0,0.98,69.73733,-20.66226,6887.55,4667.34,3.25,2.98,-86.0,-0.422,19.29,21.14,01a58539o0162o
58543.255316,18.674,0.139,123,17,o,0,0.88,69.73733,-20.66226,8803.59,8458.52,3.68,3.27,2.0,-0.402,19.19,21.04,01a58543o0076o
58543.263215,18.711,0.119,119,14,o,0,1.25,69.73733,-20.66226,8840.74,8497.71,3.36,3.00,-0.2,-0.419,19.23,21.03,01a58543o0093o
58547.276376,-18.232,0.837,-185,155,o,0,1.07,69.73733,-20.66226,4961.64,803.41,3.12,2.85,-15.4,-0.443,16.18,17.88,01a58547o0140o
58547.269427,18.838,1.444,106,153,o,0,1.16,69.73733,-20.66226,4978.00,685.55,2.95,2.69,-19.7,-0.453,16.61,18.29,01a58547o0125o
58547.271748,-20.470,8.700,-24,205,o,0,1.08,69.73733,-20.66226,8782.22,10495.00,3.07,2.79,-18.0,-0.442,16.65,18.33,01a58547o0130o
58547.264353,18.400,1.458,158,231,o,0,0.85,69.73733,-20.66226,8798.35,10376.53,3.05,2.76,-19.3,-0.449,16.29,18.00,01a58547o0114o
58543.277588,18.753,0.125,114,14,o,0,1.14,69.73733,-20.66226,8748.85,8537.51,3.31,3.07,15.7,-0.420,19.24,21.03,01a58543o0124o
58543.270128,18.765,0.139,113,16,o,0,1.18,69.73733,-20.66226,8766.38,8419.95,3.55,3.26,1.0,-0.403,19.18,21.04,01a58543o0108o
58551.265312,18.506,0.098,144,14,o,0,1.27,69.73733,-20.66226,6867.85,2613.26,2.86,2.67,-11.7,-0.440,19.24,20.55,01a58551o0115o
58551.273688,18.593,0.125,133,17,o,0,1.01,69.73733,-20.66226,6833.98,2729.96,3.17,2.99,-16.0,-0.415,19.11,20.52,01a58551o0133o
58551.256883,18.822,0.134,108,14,o,0,1.08,69.73733,-20.66226,6923.81,2690.38,2.92,2.69,-15.2,-0.436,19.26,20.67,01a58551o0097o
58551.247482,18.585,0.104,134,14,o,0,1.11,69.73733,-20.66226,6905.58,2651.36,3.14,2.79,-11.7,-0.422,19.22,20.76,01a58551o0077o
58555.237034,18.141,0.718,201,144,o,0,1.28,69.73733,-20.66226,8756.84,6515.16,3.46,3.00,-6.7,-0.413,16.70,17.50,01a58555o0052o
58555.246874,18.217,0.289,188,54,o,0,1.00,69.73733,-20.66226,8792.69,6554.70,3.02,2.87,-11.7,-0.444,18.27,19.35,01a58555o0073o
58555.256732,17.748,0.510,289,147,o,0,1.02,69.73733,-20.66226,8720.64,6478.53,3.10,2.98,-1.3,-0.439,17.32,18.35,01a58555o0094o
58559.237617,18.558,0.240,137,33,o,0,0.91,69.73733,-20.66226,8888.56,721.36,4.14,3.58,-8.9,-0.350,18.45,19.70,01a58559o0004o
58555.266066,17.632,0.734,321,236,o,0,0.97,69.73733,-20.66226,8705.57,6596.54,3.13,3.00,-5.0,-0.442,16.48,17.33,01a58555o0114o
58559.254078,18.936,0.314,97,30,o,0,0.85,69.73733,-20.66226,8804.82,763.92,3.35,3.21,-16.4,-0.402,18.55,19.60,01a58559o0039o
58559.239482,18.512,1.874,143,268,o,0,0.02,69.73733,-20.66226,3106.48,10516.30,4.09,3.38,-5.4,-0.358,18.53,19.78,01a58559o0008o
58559.245639,18.553,0.209,138,29,o,0,1.11,69.73733,-20.66226,8820.09,645.78,4.08,3.72,-11.7,-0.361,18.42,19.65,01a58559o0021o
58559.247504,19.267,0.371,71,26,o,0,0.94,69.73733,-20.66226,3054.45,10439.40,3.61,3.37,-8.0,-0.385,18.54,19.74,01a58559o0025o
58564.221569,18.067,0.406,215,88,o,0,1.27,69.73733,-20.66226,6920.42,10455.41,3.71,3.13,-10.2,-0.393,17.25,17.81,01a58564o0024o
58564.227129,18.532,0.230,140,32,o,0,0.94,69.73733,-20.66226,6865.81,10377.97,3.20,2.80,-7.3,-0.422,18.47,19.26,01a58564o0034o
58564.234527,18.927,0.262,98,26,o,0,0.99,69.73733,-20.66226,6851.30,10495.69,3.06,2.74,-7.2,-0.431,18.83,19.78,01a58564o0048o
58565.245151,18.890,0.143,101,14,o,0,0.83,69.73733,-20.66226,5650.58,125.50,2.40,1.93,52.6,-0.413,19.44,20.51,02a58565o0070o
58565.262076,18.824,0.154,107,17,o,0,1.11,69.73733,-20.66226,5686.46,164.30,2.50,2.13,49.7,-0.409,19.26,20.38,02a58565o0106o
58565.253633,18.846,0.137,105,14,o,0,0.98,69.73733,-20.66226,5632.27,86.03,2.38,1.98,53.5,-0.417,19.36,20.48,02a58565o0088o
58565.259158,19.331,0.217,67,15,o,0,0.82,69.73733,-20.66226,9408.90,9798.68,2.32,1.95,76.8,-0.427,19.37,20.40,02a58565o0100o
58565.267743,19.621,0.268,52,14,o,0,1.09,69.73733,-20.66226,9463.94,9877.02,2.29,1.96,53.9,-0.423,19.31,20.28,02a58565o0118o
58565.250737,19.160,0.169,79,13,o,0,1.23,69.73733,-20.66226,9427.68,9838.15,2.29,1.95,58.5,-0.427,19.41,20.47,02a58565o0082o
58565.275641,18.940,0.191,96,18,o,0,1.25,69.73733,-20.66226,9501.64,9759.08,2.30,1.94,-73.3,-0.428,19.20,20.00,02a58565o0135o
58567.226308,-14.846,0.735,-4184,3074,o,0,1.15,69.73733,-20.66226,3020.65,759.70,3.42,3.01,-13.5,-0.420,13.66,14.80,01a58567o0025o
58567.224924,-16.057,1.871,-1372,2568,o,0,1.13,69.73733,-20.66226,6903.13,10420.36,3.14,2.85,-15.8,-0.460,13.64,14.53,01a58567o0022o
58567.228662,-15.243,0.456,-2903,1325,o,0,1.29,69.73733,-20.66226,6923.64,10461.10,3.23,2.86,-18.6,-0.436,14.97,16.11,01a58567o0030o
58567.241803,-18.043,1.491,-220,328,o,0,0.97,69.73733,-20.66226,6852.46,10499.97,3.12,2.82,-16.2,-0.451,15.90,17.31,01a58567o0058o
58567.245541,-19.932,5.545,-39,214,o,0,0.92,69.73733,-20.66226,2972.70,837.55,3.14,2.80,-16.1,-0.435,16.08,17.46,01a58567o0066o
58571.224574,-20.152,2.400,-32,76,o,0,1.20,69.73733,-20.66226,8684.72,2641.26,4.57,4.03,-7.4,-0.347,17.36,18.24,01a58571o0019o
58569.236224,18.741,0.140,116,16,o,0,0.82,69.73733,-20.66226,7588.47,3986.73,2.61,2.24,-56.3,-0.438,19.12,20.16,02a58569o0047o
58569.230108,18.853,0.243,104,25,o,0,0.90,69.73733,-20.66226,7605.08,4026.99,2.72,2.28,-58.0,-0.435,18.73,19.41,02a58569o0034o
58569.243240,19.001,0.182,91,17,o,0,1.24,69.73733,-20.66226,7644.14,4062.75,2.65,2.31,-57.6,-0.429,19.17,20.31,02a58569o0062o
58569.251281,18.905,0.165,100,16,o,0,1.17,69.73733,-20.66226,7664.42,3945.11,2.70,2.29,-55.5,-0.428,19.16,20.28,02a58569o0079o
58571.227358,19.127,0.592,81,48,o,0,1.20,69.73733,-20.66226,8703.85,2680.37,4.77,4.36,-15.2,-0.349,17.79,18.98,01a58571o0025o
58571.232472,18.847,0.273,105,29,o,0,0.94,69.73733,-20.66226,8649.53,2603.69,4.05,3.69,-12.5,-0.377,18.50,19.88,01a58571o0036o
58571.239510,19.079,0.222,85,19,o,0,1.24,69.73733,-20.66226,8615.35,2721.57,3.54,3.25,-14.8,-0.409,18.87,20.30,01a58571o0051o
58573.230943,18.632,0.227,128,29,c,0,0.95,69.73733,-20.66226,1777.05,5877.03,2.91,2.48,52.9,-0.368,18.35,19.46,02a58573o0027c
58573.228129,18.363,0.297,164,49,c,0,1.31,69.73733,-20.66226,1795.01,5914.48,3.00,2.52,54.5,-0.368,17.82,18.79,02a58573o0021c
58573.240844,18.534,0.110,140,15,c,0,1.05,69.73733,-20.66226,1869.22,5840.24,2.75,2.46,56.5,-0.388,19.18,20.72,02a58573o0048c
58573.235159,18.435,0.100,154,15,c,0,2.66,69.73733,-20.66226,1831.49,5956.17,2.78,2.42,52.1,-0.380,18.96,20.25,02a58573o0036c
58575.225026,21.954,10.640,6,64,o,0,1.02,69.73733,-20.66226,2982.30,2707.91,3.35,3.06,-2.2,-0.423,17.49,18.12,01a58575o0018o
58575.227346,19.510,0.714,57,41,o,0,1.30,69.73733,-20.66226,3002.50,2748.36,3.30,2.95,-10.5,-0.420,18.01,18.71,01a58575o0023o
58575.232103,18.823,0.246,107,26,o,0,1.18,69.73733,-20.66226,2950.19,2673.48,3.36,2.92,-4.2,-0.409,18.49,19.50,01a58575o0033o
58575.239170,18.813,0.260,108,28,o,0,0.72,69.73733,-20.66226,2934.96,2790.14,3.51,3.03,-4.6,-0.399,18.65,19.85,01a58575o0048o
58577.231133,18.153,0.184,199,37,c,0,1.16,69.73733,-20.66226,9493.58,100.13,2.84,2.42,52.9,-0.368,18.31,19.15,02a58577o0024c
58577.242794,18.748,0.142,115,16,c,0,1.34,69.73733,-20.66226,9525.83,137.75,2.79,2.38,53.3,-0.378,19.21,20.65,02a58577o0049c
58577.235803,18.775,0.245,112,28,c,0,0.77,69.73733,-20.66226,9474.97,60.63,2.81,2.41,52.9,-0.375,18.93,20.09,02a58577o0034c
58705.607632,19.745,0.619,46,28,c,0,1.00,69.73733,-20.66226,1234.59,6322.14,2.83,2.43,37.1,-0.379,18.47,20.27,02a58705o0813c
58705.619963,20.045,2.214,35,77,c,0,0.95,69.73733,-20.66226,1212.20,6440.16,2.68,2.35,35.5,-0.384,17.57,19.15,02a58705o0838c
58705.599046,19.505,0.338,57,19,c,0,0.98,69.73733,-20.66226,1274.19,6362.40,2.72,2.39,36.2,-0.380,18.43,20.25,02a58705o0795c
58705.602353,19.684,0.415,49,20,c,0,0.69,69.73733,-20.66226,1293.06,6400.01,2.73,2.39,34.7,-0.384,18.86,20.69,02a58705o0802c
58579.240060,18.757,0.276,114,32,o,0,0.90,69.73733,-20.66226,1037.97,8650.44,3.54,3.22,-17.8,-0.407,18.62,19.90,01a58579o0012o
58565.270051,-19.856,0.930,-42,39,o,0,0.66,69.73733,-20.66226,5707.00,45.08,2.27,1.93,56.2,-0.422,19.32,20.26,02a58565o0123o
