#expname,ra,dec,mag,dm,snr,filter,zp,mjd,x,y,peakval,skyval,peakfit,dpeak,skyfit,flux,dflux,chin,major,minor,snrdet,snrlimit,apfit
01a58629o0660o,264.234165,21.1047725,20.86,0.68,1.14,o,22.203,58629.5583582,6586.61,5128.72,199.0,184.2,8.1,7.1,187.4,2461.8,530.0,1.41,3.07,2.79,1.0,3.0,-0.429
01a58629o0671o,264.234165,21.1047725,>20.35,0.0,3.0,o,22.212,58629.5642589,6608.04,5168.08,162.0,181.4,-6.9,7.3,179.1,-772.0,595.4,1.4,2.86,2.66,1.0,3.0,-0.44
01a58629o0708o,264.234165,21.1047725,>20.4,0.0,3.0,o,22.234,58629.5826185,6550.71,5090.99,186.0,184.5,-10.5,7.1,184.2,43.4,563.7,1.25,2.87,2.66,1.0,3.0,-0.438
01a58629o0724o,264.234165,21.1047725,20.71,0.55,1.5,o,22.231,58629.5910979,6537.5,5206.51,224.0,181.1,10.5,7.0,178.1,53.5,487.6,1.7,2.78,2.78,1.0,3.0,-0.439
02a58631o0392o,264.234165,21.1047725,20.69,0.52,1.61,o,22.208,58631.4248435,1322.68,8914.4,210.0,182.6,19.7,12.2,180.7,957.7,623.7,1.07,2.17,1.88,1.0,3.0,-0.45
02a58631o0410o,264.234165,21.1047725,20.39,0.38,2.42,o,22.211,58631.4336028,1337.93,8955.92,209.0,182.4,26.6,11.0,180.6,542.9,587.7,1.1,2.15,1.86,1.0,3.0,-0.448
02a58631o0420o,264.234165,21.1047725,>20.57,0.0,3.0,o,22.21,58631.4386795,1287.37,8875.66,172.0,182.9,-4.3,10.6,185.2,415.6,578.4,1.31,2.23,1.91,1.0,3.0,-0.447
02a58631o0440o,264.234165,21.1047725,>20.49,0.0,3.0,o,22.212,58631.4490006,1258.56,8993.83,194.0,184.9,-4.3,11.6,186.9,1377.9,675.0,1.12,2.24,1.88,1.0,3.0,-0.448
01a58633o0399o,264.234165,21.1047725,>20.43,0.0,3.0,o,22.241,58633.4199575,7228.0,1701.43,170.0,180.5,-1.6,6.8,179.7,552.3,528.9,1.48,2.89,2.71,1.0,3.0,-0.435
01a58633o0410o,264.234165,21.1047725,20.35,0.43,2.06,o,22.127,58633.4250966,7207.41,1663.5,178.0,181.5,13.0,6.3,180.0,334.7,435.0,1.33,2.94,2.72,1.0,3.0,-0.43
01a58633o0430o,264.234165,21.1047725,>19.15,0.0,3.0,o,20.937,58633.4356218,7265.16,1741.26,181.0,184.8,-2.8,6.1,184.2,409.8,509.9,1.28,3.03,2.81,1.0,3.0,-0.432
01a58633o0454o,264.234165,21.1047725,>20.04,0.0,3.0,o,21.912,58633.4483198,7281.9,1622.41,143.0,185.0,-4.4,7.4,188.2,793.9,641.4,1.38,2.86,2.65,1.0,3.0,-0.437
02a58635o0360c,264.234165,21.1047725,>20.7,0.0,3.0,c,22.271,58635.4026243,6149.44,682.18,188.0,182.1,6.0,7.4,180.0,-215.4,416.5,1.31,2.52,2.28,1.0,3.0,-0.401
02a58635o0366c,264.234165,21.1047725,>20.78,0.0,3.0,c,22.272,58635.4054224,6168.34,721.74,204.0,183.2,4.7,7.0,183.0,428.2,476.3,1.82,2.49,2.26,1.0,3.0,-0.402
02a58635o0409c,264.234165,21.1047725,>20.9,0.0,3.0,c,22.278,58635.426959,6114.2,645.26,166.0,182.1,-7.8,6.2,185.3,1337.9,340.4,2.0,2.5,2.29,1.0,3.0,-0.4
02a58635o0435c,264.234165,21.1047725,21.63,0.73,1.05,c,22.279,58635.440714,6097.27,765.99,174.0,184.0,6.6,6.3,183.3,-2.1,463.5,1.77,2.51,2.27,1.0,3.0,-0.402
01a58637o0099o,264.234165,21.1047725,>20.42,0.0,3.0,o,22.215,58637.4327373,7263.04,1742.22,156.0,181.6,-8.5,6.2,180.6,64.9,526.6,1.29,3.02,2.8,1.0,3.0,-0.436
01a58637o0117o,264.234165,21.1047725,>20.36,0.0,3.0,o,22.171,58637.4418504,7284.25,1625.58,176.0,181.2,-4.3,6.0,181.3,11.1,492.3,1.07,3.07,2.89,1.0,3.0,-0.433
02a58639o0441c,264.234165,21.1047725,19.26,0.48,1.82,c,21.02,58639.4745739,4428.72,9878.38,228.0,190.1,17.3,9.5,187.0,244.6,750.6,1.18,2.58,2.34,1.0,3.0,-0.401
02a58639o0472c,264.234165,21.1047725,>20.38,0.0,3.0,c,22.173,58639.4911092,4401.07,9841.08,200.0,184.0,-1.6,8.2,186.4,1030.1,537.6,1.13,2.69,2.37,1.0,3.0,-0.389
02a58639o0500c,264.234165,21.1047725,>19.46,0.0,3.0,c,20.862,58639.506202,4452.77,9920.34,171.0,183.5,0.8,6.2,182.3,353.4,496.9,1.47,2.54,2.31,1.0,3.0,-0.404
02a58639o0515c,264.234165,21.1047725,20.14,0.52,1.64,c,21.541,58639.5140181,4469.18,9805.26,176.0,184.5,13.1,8.0,183.4,-90.1,511.6,1.1,2.51,2.28,1.0,3.0,-0.405
01a58641o0710o,264.234165,21.1047725,>20.25,0.0,3.0,o,22.205,58641.6004855,6174.8,2615.72,171.0,181.2,-8.5,6.7,182.5,1210.8,556.0,1.27,3.11,2.9,1.0,3.0,-0.42
01a58641o0742o,264.234165,21.1047725,20.22,0.68,1.14,o,22.206,58641.6170103,6189.84,2656.63,221.0,179.4,12.9,11.3,176.5,-1943.2,1146.8,1.13,3.26,3.03,1.0,3.0,-0.418
02a58643o0372o,264.234165,21.1047725,>20.59,0.0,3.0,o,22.203,58643.4117511,4241.43,782.7,186.0,181.3,8.1,11.3,183.2,1084.7,582.0,1.35,2.12,1.84,1.0,3.0,-0.451
02a58643o0378o,264.234165,21.1047725,20.88,0.51,1.66,o,22.203,58643.4144941,4262.48,822.59,166.0,182.9,17.3,10.4,184.0,1343.9,585.7,1.7,2.11,1.83,1.0,3.0,-0.453
02a58643o0415o,264.234165,21.1047725,>20.59,0.0,3.0,o,22.205,58643.4332973,4207.67,744.68,219.0,184.9,6.2,10.8,184.6,448.4,661.0,1.56,2.17,1.88,1.0,3.0,-0.448
02a58643o0437o,264.234165,21.1047725,>20.62,0.0,3.0,o,22.204,58643.44475,6412.25,9706.73,193.0,182.1,2.4,10.2,182.2,818.7,487.6,1.07,2.2,1.91,1.0,3.0,-0.445
01a58645o0412o,264.234165,21.1047725,>20.29,0.0,3.0,o,22.257,58645.4320885,4369.35,7937.74,181.0,180.7,7.0,8.2,180.0,-315.4,679.6,1.22,2.84,2.63,1.0,3.0,-0.442
01a58645o0455o,264.234165,21.1047725,>20.35,0.0,3.0,o,22.255,58645.4540294,6165.31,2658.21,191.0,182.0,-6.0,7.5,181.7,890.2,488.3,1.32,2.9,2.65,1.0,3.0,-0.433
01a58645o0481o,264.234165,21.1047725,>20.3,0.0,3.0,o,22.254,58645.467774,6109.61,2578.87,188.0,180.6,6.8,7.9,181.1,670.0,637.7,1.31,2.77,2.77,1.0,3.0,-0.433
01a58645o0487o,264.234165,21.1047725,>20.37,0.0,3.0,o,22.255,58645.4714825,6093.72,2695.45,171.0,182.2,-18.1,7.2,181.5,-44.2,471.0,1.18,2.92,2.7,1.0,3.0,-0.433
02a58647o0356o,264.234165,21.1047725,19.03,0.22,4.41,o,22.2,58647.4156442,4246.65,785.94,-164.0,-395.4,86.4,19.6,-249.4,82575.4,1036.3,17.99,2.26,1.9,1.0,3.0,-0.4425
02a58647o0363o,264.234165,21.1047725,>20.17,0.0,3.0,o,22.201,58647.4198295,4269.1,825.83,175.0,191.2,2.4,15.2,194.1,1310.2,942.2,0.93,2.24,1.91,1.0,3.0,-0.441
02a58647o0374o,264.234165,21.1047725,>20.24,0.0,3.0,o,22.201,58647.425315,4212.62,747.71,206.0,198.8,1.7,13.9,203.9,1622.3,939.0,1.43,2.25,1.94,1.0,3.0,-0.437
02a58647o0396o,264.234165,21.1047725,>20.19,0.0,3.0,o,22.201,58647.4373774,4190.52,864.6,215.0,195.6,1.3,15.2,199.7,2655.9,988.2,1.21,2.2,1.9,1.0,3.0,-0.446
01a58649o0228o,264.234165,21.1047725,19.38,0.38,2.39,o,22.086,58649.4722996,10011.5,2297.83,148.0,171.3,32.2,13.5,168.8,-28.5,950.4,0.96,2.85,2.62,1.0,3.0,-0.448
01a58649o0234o,264.234165,21.1047725,19.77,0.5,1.71,o,22.249,58649.4755142,10031.7,2335.99,197.0,160.0,26.5,15.5,159.1,1685.3,1237.2,1.28,2.84,2.6,1.0,3.0,-0.443
01a58649o0238o,264.234165,21.1047725,19.05,0.3,3.08,o,22.203,58649.4777122,105.79,2471.23,259.0,173.7,47.5,15.4,178.8,3178.7,1019.0,1.24,2.88,2.65,1.0,3.0,-0.443
01a58649o0257o,264.234165,21.1047725,19.21,0.3,3.12,o,22.253,58649.4877743,9975.44,2258.9,253.0,178.7,43.3,13.9,175.5,-25.4,1009.7,1.02,2.87,2.65,1.0,3.0,-0.442
01a58649o0263o,264.234165,21.1047725,19.17,0.31,3.01,o,22.241,58649.49064,129.16,2508.39,191.0,180.0,42.4,14.1,182.3,3688.0,1111.8,1.29,2.97,2.7,1.0,3.0,-0.436
01a58649o0273o,264.234165,21.1047725,19.41,0.37,2.47,o,22.25,58649.4958037,9958.31,2376.95,182.0,183.2,35.1,14.2,185.7,1689.0,1029.8,1.19,2.91,2.68,1.0,3.0,-0.438
01a58649o0279o,264.234165,21.1047725,>19.39,0.0,3.0,o,22.242,58649.4985785,69.23,2429.5,197.0,175.7,13.8,18.4,177.4,1417.6,1498.2,1.1,2.83,2.65,1.0,3.0,-0.448
01a58649o0292o,264.234165,21.1047725,19.39,0.48,1.81,o,22.256,58649.5054778,54.23,2546.4,209.0,183.7,36.7,20.3,184.3,-9734.1,1394.3,1.84,2.85,2.66,1.0,3.0,-0.443
02a58655o0190o,264.234165,21.1047725,None,None,None,o,22.195,58655.328709,None,None,None,None,None,None,None,None,None,None,None,None,1.0,3.0,-0.429
02a58655o0206o,264.234165,21.1047725,17.82,0.69,1.13,o,22.086,58655.3369258,10530.4,6932.55,199.0,152.5,245.5,216.3,18.4,-93746.4,10280.4,0.29,2.2,1.89,1.0,3.0,-0.437
02a58655o0380o,264.234165,21.1047725,18.12,0.35,2.63,o,21.161,58655.4248447,545.36,6867.31,248.0,148.5,76.5,29.1,144.6,148.6,2039.9,0.88,2.25,1.91,1.0,3.0,-0.4415
02a58655o0399o,264.234165,21.1047725,16.76,0.73,1.04,o,19.795,58655.4347024,565.29,6912.63,206.0,163.4,73.4,70.4,175.1,1311.9,3789.0,1.18,2.36,1.91,1.0,3.0,-0.426
02a58655o0421o,264.234165,21.1047725,18.39,0.57,1.46,o,21.153,58655.4456668,10086.4,3739.39,190.0,115.5,59.9,40.9,102.2,2563.6,2665.2,1.03,2.24,1.91,1.0,3.0,-0.439
02a58655o0433o,264.234165,21.1047725,>16.24,0.0,3.0,o,19.345,58655.4514498,10104.3,3625.25,119.0,161.3,23.9,41.8,173.9,8237.7,2469.5,1.17,2.22,1.88,1.0,3.0,-0.444
02a58659o0292o,264.234165,21.1047725,18.5,0.08,12.7,o,22.199,58659.3752767,8149.96,2528.24,303.0,181.9,118.1,9.3,178.7,224.5,481.0,1.02,2.59,2.02,1.0,3.0,-0.416
02a58659o0303o,264.234165,21.1047725,18.44,0.08,13.82,o,22.2,58659.3815126,8169.05,2566.16,304.0,181.6,123.0,8.9,175.5,500.0,530.2,1.49,2.65,2.01,1.0,3.0,-0.415
02a58659o0309o,264.234165,21.1047725,18.41,0.07,14.26,o,22.199,58659.3843539,8115.95,2485.46,345.0,180.9,154.0,10.8,175.4,365.6,516.0,0.86,2.22,1.92,1.0,3.0,-0.442
02a58659o0331o,264.234165,21.1047725,18.43,0.08,13.41,o,22.201,58659.3964801,2496.37,7959.4,342.0,181.0,155.6,11.6,177.7,195.9,546.1,1.26,2.18,1.89,1.0,3.0,-0.442
02a58663o0240c,264.2341375,21.10479875,18.53,0.06,16.62,c,22.288,58663.3549001,8151.41,2525.02,288.0,181.8,118.0,7.1,178.5,439.9,372.4,1.63,2.48,2.25,1.0,3.0,-0.404
02a58663o0259c,264.2341375,21.10479875,18.71,0.08,13.81,c,22.287,58663.3652186,8170.47,2566.23,294.0,181.7,96.7,7.0,181.0,1355.7,415.0,1.82,2.52,2.29,1.0,3.0,-0.4
02a58663o0277c,264.2341375,21.10479875,18.58,0.07,14.47,c,22.29,58663.3745979,8114.59,2486.19,289.0,181.9,110.0,7.6,179.0,854.3,426.4,1.29,2.51,2.28,1.0,3.0,-0.402
02a58663o0300c,264.2341375,21.10479875,18.68,0.08,12.91,c,22.291,58663.3860783,2501.13,7967.62,275.0,181.9,96.8,7.5,179.2,781.3,397.1,1.66,2.57,2.32,1.0,3.0,-0.403
01a58665o0337o,264.234124167,21.1048191667,18.49,0.09,11.25,o,22.256,58665.3957046,2207.62,913.94,270.0,183.5,81.0,7.2,182.1,1260.8,501.6,1.49,2.93,2.72,1.0,3.0,-0.434
01a58665o0357o,264.234124167,21.1048191667,18.49,0.09,11.38,o,22.26,58665.4057049,2229.28,951.7,270.0,184.6,83.1,7.3,184.8,1820.8,506.8,1.34,2.9,2.67,1.0,3.0,-0.438
01a58665o0363o,264.234124167,21.1048191667,18.57,0.09,11.46,o,22.26,58665.408695,2170.41,873.22,259.0,183.5,77.9,6.8,186.5,2483.7,459.5,1.46,2.89,2.67,1.0,3.0,-0.44
01a58665o0381o,264.234124167,21.1048191667,18.44,0.08,12.61,o,22.261,58665.4176168,2154.32,990.24,292.0,184.8,90.8,7.2,183.9,2533.7,583.9,1.56,2.82,2.63,1.0,3.0,-0.442
02a58667o0354c,264.234106875,21.10484375,18.6,0.07,14.55,c,22.245,58667.5177267,2993.33,1441.97,270.0,182.1,100.4,6.9,183.4,2587.1,427.1,2.13,2.56,2.32,1.0,3.0,-0.403
02a58667o0384c,264.234106875,21.10484375,18.67,0.08,13.37,c,22.228,58667.5336659,2966.68,1405.49,267.0,182.5,89.6,6.7,183.5,1867.7,409.2,2.01,2.6,2.38,1.0,3.0,-0.394
02a58667o0400c,264.234106875,21.10484375,18.66,0.08,12.66,c,22.215,58667.542501,3027.63,1482.47,234.0,182.1,92.4,7.3,181.7,1412.5,441.1,1.92,2.55,2.32,1.0,3.0,-0.402
02a58667o0416c,264.234106875,21.10484375,18.67,0.08,13.12,c,22.2,58667.5513216,3040.97,1369.03,249.0,182.2,87.9,6.7,184.8,2454.4,365.8,1.62,2.61,2.33,1.0,3.0,-0.402
01a58671o0305o,264.2341255,21.1048495,18.35,0.08,12.49,o,22.262,58671.3838252,8785.53,9611.61,275.0,182.1,87.4,7.0,181.1,2409.5,446.3,1.66,3.01,2.83,1.0,3.0,-0.421
01a58671o0311o,264.2341255,21.1048495,18.6,0.1,9.97,o,22.262,58671.3870375,1359.22,716.08,255.0,181.5,71.8,7.2,181.2,1097.9,482.0,1.34,2.98,2.77,1.0,3.0,-0.425
01a58671o0328o,264.2341255,21.1048495,18.57,0.1,10.03,o,22.261,58671.3956202,1301.71,672.0,244.0,180.5,76.2,7.6,181.7,2035.9,491.1,0.99,2.91,2.72,1.0,3.0,-0.43
01a58671o0348o,264.2341255,21.1048495,18.53,0.1,10.86,o,22.261,58671.4056476,1287.33,831.38,275.0,181.6,76.0,7.0,182.7,1329.1,469.5,1.25,2.98,2.79,1.0,3.0,-0.423
01a58674o0264o,264.234112609,21.104856087,18.43,0.11,9.68,o,22.202,58674.5377883,3959.38,7547.97,212.0,180.2,74.5,7.7,181.0,1298.8,622.2,1.41,3.09,2.87,1.0,3.0,-0.414
01a58674o0271o,264.234112609,21.104856087,18.45,0.1,9.87,o,22.198,58674.5410093,3984.09,7594.87,253.0,181.8,70.1,7.1,182.0,1657.2,467.3,1.37,3.14,2.95,1.0,3.0,-0.4095
01a58674o0282o,264.234112609,21.104856087,18.39,0.11,9.28,o,22.19,58674.546159,3930.51,7530.68,269.0,178.5,73.3,7.9,178.6,1531.7,647.6,1.14,3.15,2.94,1.0,3.0,-0.41
01a58674o0311o,264.234112609,21.104856087,18.83,0.16,6.39,o,22.169,58674.5606697,3932.87,7681.49,217.0,182.4,46.0,7.2,182.3,778.8,604.4,1.41,3.21,3.02,1.0,3.0,-0.412
01a58677o0269o,264.2341304,21.10489,18.57,0.16,6.14,o,22.254,58677.4522605,4734.79,7184.18,250.0,180.7,74.9,12.2,180.9,1588.5,842.0,1.53,2.95,2.73,1.0,3.0,-0.43
01a58677o0275o,264.2341304,21.10489,18.62,0.17,5.75,o,22.254,58677.4550958,4755.27,7223.11,197.0,178.2,74.8,13.0,180.2,3242.7,902.8,1.3,2.87,2.66,1.0,3.0,-0.437
01a58677o0286o,264.2341304,21.10489,18.53,0.18,5.71,o,22.252,58677.460288,4692.59,7145.78,244.0,179.0,79.3,13.9,178.2,1926.7,870.7,1.22,2.9,2.68,1.0,3.0,-0.438
01a58677o0309o,264.2341304,21.10489,18.68,0.2,5.06,o,22.248,58677.4717992,4677.35,7261.89,288.0,182.6,68.8,13.6,180.2,-14.0,1056.5,1.54,2.91,2.68,1.0,3.0,-0.438
02a58679o0277o,264.234128519,21.1048851852,18.54,0.17,5.76,o,22.224,58679.3729984,8206.71,7758.01,234.0,178.6,132.0,22.9,174.3,1686.5,1174.1,1.01,2.3,1.96,1.0,3.0,-0.442
02a58679o0283o,264.234128519,21.1048851852,18.56,0.16,6.11,o,22.225,58679.3763707,8182.3,7714.64,292.0,178.9,127.1,20.8,173.1,2003.8,1119.0,1.53,2.37,1.95,1.0,3.0,-0.435
02a58679o0295o,264.234128519,21.1048851852,18.74,0.21,4.63,o,22.224,58679.3828911,8244.78,7794.54,335.0,177.5,112.4,24.3,171.4,1617.4,1395.1,0.82,2.25,1.95,1.0,3.0,-0.444
02a58679o0323o,264.234128519,21.1048851852,18.5,0.16,6.46,o,22.222,58679.3971172,8255.82,7680.9,251.0,178.7,133.8,20.7,183.5,2688.2,1153.3,1.18,2.33,2.0,1.0,3.0,-0.432
01a58681o0025o,264.234128519,21.1048851852,18.61,0.57,1.46,o,22.259,58681.2424881,2541.13,10023.6,166.0,148.2,67.6,46.3,156.7,6021.1,3512.8,1.05,3.07,2.72,1.0,3.0,-0.458
01a58681o0032o,264.234128519,21.1048851852,19.01,0.48,1.79,o,22.246,58681.245772,2522.3,9985.47,173.0,161.7,49.2,27.5,159.0,1639.7,2293.4,1.16,3.01,2.65,1.0,3.0,-0.448
01a58681o0046o,264.234128519,21.1048851852,18.41,0.2,4.89,o,22.238,58681.2523652,2582.05,10063.9,280.0,161.3,87.6,17.9,165.4,3291.6,1362.4,1.38,2.95,2.61,1.0,3.0,-0.445
01a58681o0073o,264.234128519,21.1048851852,18.33,0.17,5.77,o,22.244,58681.2657076,2605.24,9946.48,334.0,169.6,101.0,17.5,165.9,860.0,1429.0,1.16,2.82,2.56,1.0,3.0,-0.45
01a58685o0201o,264.23415,21.1048887097,19.19,0.18,5.39,o,22.276,58685.3508829,7959.07,512.11,223.0,179.5,42.6,7.9,178.6,-48.5,590.9,1.22,2.96,2.73,1.0,3.0,-0.432
01a58685o0237o,264.23415,21.1048887097,18.55,0.11,9.05,o,22.274,58685.3696761,7981.27,549.45,247.0,181.3,77.8,8.6,181.2,1161.9,607.3,1.07,2.92,2.73,1.0,3.0,-0.433
01a58685o0244o,264.23415,21.1048887097,18.31,0.12,8.47,o,21.784,58685.3731788,7922.02,472.06,241.0,182.3,61.8,7.3,180.2,626.3,481.2,1.3,2.96,2.7,1.0,3.0,-0.431
01a58685o0257o,264.23415,21.1048887097,18.66,0.15,6.92,o,22.027,58685.3794358,7905.28,589.93,221.0,179.6,53.3,7.7,175.3,-874.8,690.1,1.1,3.09,2.73,1.0,3.0,-0.427
01a58689o0514o,264.234138649,21.1048735135,18.51,0.13,8.12,o,22.235,58689.4801542,10479.1,4819.98,209.0,180.9,66.6,8.2,179.1,890.3,631.5,1.21,3.25,2.94,1.0,3.0,-0.41
01a58689o0542o,264.234138649,21.1048735135,18.4,0.34,2.76,o,22.222,58689.4938392,10498.1,4861.5,223.0,128.5,76.8,27.8,133.2,8580.6,5504.4,0.56,3.16,2.86,1.0,3.0,-0.416
01a58689o0549o,264.234138649,21.1048735135,18.55,0.14,7.37,o,22.217,58689.4970595,10438.6,4787.19,292.0,209.0,64.1,8.7,208.5,1150.1,872.1,1.32,3.19,2.92,1.0,3.0,-0.417
01a58689o0551o,264.234138649,21.1048735135,18.53,0.12,8.47,o,22.233,58689.497977,444.21,4990.14,222.0,182.4,66.1,7.8,183.2,2328.9,592.0,1.34,3.24,2.91,1.0,3.0,-0.41
01a58689o0558o,264.234138649,21.1048735135,18.51,0.12,8.23,o,22.231,58689.5011995,464.54,5029.06,257.0,183.7,72.4,8.8,187.2,3142.6,709.9,1.21,3.08,2.81,1.0,3.0,-0.421
01a58689o0562o,264.234138649,21.1048735135,18.39,0.11,9.34,o,22.21,58689.5030419,10418.3,4906.47,257.0,176.1,71.9,7.7,174.9,1107.6,601.5,1.34,3.26,2.95,1.0,3.0,-0.411
01a58689o0600o,264.234138649,21.1048735135,18.59,0.14,7.5,o,22.204,58689.5215003,405.08,4950.4,263.0,186.4,55.5,7.4,186.2,2300.0,669.5,1.47,3.34,3.09,1.0,3.0,-0.411
01a58689o0612o,264.234138649,21.1048735135,18.56,0.15,6.88,o,22.195,58689.5270245,385.41,5067.76,253.0,184.5,56.4,8.2,185.8,2768.0,716.6,1.4,3.22,3.22,1.0,3.0,-0.407
02a58691o0002c,264.234134615,21.1048728205,>17.83,0.0,3.0,c,22.316,58691.2428355,5266.41,8739.68,503.0,193.0,-27.2,94.6,238.5,32292.4,5883.2,1.07,2.72,2.43,1.0,3.0,-0.401
02a58691o0003c,264.234134615,21.1048728205,>18.02,0.0,3.0,c,22.307,58691.2432935,5266.03,8739.98,389.0,205.4,-2.8,83.9,237.1,25420.3,5432.8,1.0,2.63,2.36,1.0,3.0,-0.403
02a58691o0024c,264.234134615,21.1048728205,18.8,0.09,11.76,c,22.294,58691.2883326,5223.07,8704.88,248.0,181.3,88.2,7.5,179.8,821.0,443.5,1.46,2.54,2.3,1.0,3.0,-0.402
02a58691o0041c,264.234134615,21.1048728205,18.88,0.1,10.9,c,22.295,58691.2970578,5200.55,8822.35,265.0,182.6,74.1,6.8,181.8,1567.2,491.5,1.84,2.56,2.56,1.0,3.0,-0.391
01a58693o0176o,264.234139149,21.1048606383,18.43,0.09,11.93,o,22.261,58693.3257482,10459.5,4808.21,261.0,177.5,85.9,7.2,176.8,2024.3,613.9,1.33,2.94,2.7,1.0,3.0,-0.439
01a58693o0178o,264.234139149,21.1048606383,18.47,0.09,10.95,o,22.264,58693.3266653,419.31,5000.54,292.0,180.7,86.5,7.9,181.9,1581.7,509.7,1.45,2.87,2.63,1.0,3.0,-0.445
01a58693o0182o,264.234139149,21.1048606383,18.43,0.1,10.45,o,22.262,58693.3285442,10480.9,4845.25,260.0,180.0,89.9,8.6,179.9,160.2,610.1,1.19,2.86,2.65,1.0,3.0,-0.441
01a58693o0184o,264.234139149,21.1048606383,18.78,0.12,8.46,o,22.263,58693.3294654,440.06,5038.31,281.0,181.1,62.6,7.4,183.3,1596.1,498.3,1.24,2.92,2.71,1.0,3.0,-0.442
01a58693o0209o,264.234139149,21.1048606383,18.76,0.11,9.41,o,22.26,58693.3419919,10421.8,4765.54,218.0,178.1,60.2,6.4,176.4,1296.6,489.7,1.49,2.99,2.81,1.0,3.0,-0.43
01a58693o0210o,264.234139149,21.1048606383,18.46,0.1,10.77,o,22.263,58693.3424571,381.9,4957.46,264.0,181.0,79.7,7.4,180.4,1212.1,542.3,1.07,3.0,2.8,1.0,3.0,-0.433
01a58693o0227o,264.234139149,21.1048606383,18.44,0.1,10.08,o,22.084,58693.3509059,10403.9,4883.37,250.0,180.2,72.6,7.2,181.2,655.1,502.2,1.51,2.92,2.72,1.0,3.0,-0.435
01a58693o0230o,264.234139149,21.1048606383,18.48,0.1,9.99,o,22.264,58693.3525676,365.33,5073.58,282.0,179.9,80.9,8.1,182.6,2352.1,570.5,1.02,2.96,2.73,1.0,3.0,-0.436
02a58699o0088c,264.2341356,21.104856,18.97,0.11,8.97,c,22.257,58699.2726782,2500.28,6793.04,240.0,179.1,68.2,7.6,177.9,1619.7,477.2,1.26,2.72,2.31,1.0,3.0,-0.404
02a58699o0093c,264.2341356,21.104856,18.82,0.11,9.1,c,22.214,58699.2753442,2519.67,6828.35,232.0,179.8,71.0,7.8,179.1,1261.8,560.6,1.1,2.81,2.36,1.0,3.0,-0.404
02a58699o0103c,264.2341356,21.104856,18.87,0.12,8.95,c,22.145,58699.2804752,2460.99,6755.79,229.0,181.5,66.2,7.4,180.1,667.8,412.6,1.23,2.67,2.42,1.0,3.0,-0.391
02a58699o0122c,264.2341356,21.104856,19.32,0.28,3.34,c,21.451,58699.2916475,2442.06,6873.4,220.0,181.9,23.7,7.1,181.0,215.4,418.3,1.05,2.68,2.35,1.0,3.0,-0.39
02a58703o0322c,264.234133519,21.1048548148,18.82,0.13,8.05,c,22.279,58703.3922786,8063.28,3790.64,254.0,174.9,79.7,9.9,178.3,1280.4,555.1,1.11,2.63,2.41,1.0,3.0,-0.393
02a58703o0328c,264.234133519,21.1048548148,18.72,0.12,8.85,c,22.279,58703.3954114,8043.9,3751.71,234.0,175.6,94.7,10.7,173.3,139.1,605.9,1.58,2.53,2.3,1.0,3.0,-0.396
02a58703o0341c,264.234133519,21.1048548148,18.78,0.12,8.21,c,22.272,58703.4027573,8100.71,3830.78,255.0,176.4,77.2,9.4,172.6,-942.8,797.7,1.18,2.71,2.49,1.0,3.0,-0.389
02a58703o0360c,264.234133519,21.1048548148,18.9,0.14,7.55,c,22.266,58703.4127204,8123.18,3713.78,225.0,177.0,68.7,9.1,176.1,821.8,679.1,1.15,2.73,2.47,1.0,3.0,-0.391
01a58705o0002o,264.234134655,21.1048525862,18.26,0.11,9.22,o,22.264,58705.3123142,6665.69,7044.31,281.0,179.7,81.1,8.8,180.0,1173.2,669.5,1.35,3.4,2.99,1.0,3.0,-0.411
01a58705o0003o,264.234134655,21.1048525862,18.52,0.13,7.69,o,22.261,58705.3127745,6666.04,7044.26,302.0,179.2,69.2,9.0,179.9,2448.0,684.3,1.28,3.27,2.82,1.0,3.0,-0.418
01a58705o0018o,264.234134655,21.1048525862,18.41,0.12,8.85,o,22.263,58705.3196842,6627.52,7005.95,279.0,181.4,77.0,8.7,180.4,1233.8,636.6,1.37,3.19,2.89,1.0,3.0,-0.416
01a58705o0048o,264.234134655,21.1048525862,18.26,0.13,8.05,o,22.232,58705.3337218,6610.52,7121.8,245.0,181.1,76.5,9.5,185.2,4222.2,689.2,1.04,3.53,2.99,1.0,3.0,-0.394
02a58707o0137c,264.234139322,21.1048540678,19.09,0.27,3.61,c,22.302,58707.2912368,582.32,10145.8,247.0,185.8,66.7,18.5,194.5,5848.8,1373.6,1.44,2.59,2.32,1.0,3.0,-0.401
02a58707o0143c,264.234139322,21.1048540678,20.34,0.71,1.08,c,22.3,58707.2941403,563.69,10108.0,157.0,183.0,20.5,18.9,187.8,2472.0,1261.1,1.34,2.64,2.35,1.0,3.0,-0.396
02a58707o0147c,264.234139322,21.1048540678,>15.87,0.0,3.0,c,22.303,58707.2959852,10531.4,10160.2,-521.0,-2.4,-45.2,639.1,-600.8,-364591.0,75817.9,0.22,2.55,2.29,1.0,3.0,-0.403
02a58707o0154c,264.234139322,21.1048540678,>15.92,0.0,3.0,c,22.303,58707.2994498,10507.0,10125.4,240.0,132.5,73.4,595.9,149.7,15873.6,28537.2,0.0,2.6,2.31,1.0,3.0,-0.398
02a58707o0155c,264.234139322,21.1048540678,18.79,0.2,4.83,c,22.299,58707.2999077,616.42,10190.8,251.0,187.4,86.4,17.9,190.1,3637.1,1457.4,1.46,2.62,2.32,1.0,3.0,-0.4
02a58707o0178c,264.234139322,21.1048540678,18.93,0.25,3.88,c,22.298,58707.3114324,629.1,10063.1,248.0,184.3,65.2,16.8,190.1,4040.0,1228.1,1.13,2.91,2.48,1.0,3.0,-0.378
02a58707o0191c,264.234139322,21.1048540678,None,None,None,c,22.3,58707.3176537,None,None,None,None,None,None,None,None,None,None,None,None,1.0,3.0,-0.38
02a58707o0212c,264.234139322,21.1048540678,None,None,None,c,22.3,58707.3281548,None,None,None,None,None,None,None,None,None,None,None,None,1.0,3.0,-0.42
01a58709o0233o,264.234139322,21.1048540678,>16.7,0.0,3.0,o,21.616,58709.3364903,6668.2,7041.26,-72.0,135.5,27.7,117.7,143.2,10615.4,9166.1,1.24,2.88,2.72,1.0,3.0,-0.467
01a58709o0250o,264.234139322,21.1048540678,17.55,0.49,1.76,o,21.866,58709.3449984,6687.29,7080.78,270.0,199.6,131.6,74.6,197.2,1773.0,5316.4,1.04,2.92,2.73,1.0,3.0,-0.454
01a58709o0256o,264.234139322,21.1048540678,18.15,0.6,1.37,o,21.931,58709.3478953,6627.9,7003.79,178.0,181.0,81.1,59.2,179.4,1118.9,4387.0,0.92,2.92,2.73,1.0,3.0,-0.449
01a58709o0283o,264.234139322,21.1048540678,17.91,0.39,2.32,o,22.051,58709.3612301,6609.99,7121.64,326.0,177.4,109.2,47.1,175.5,3496.1,3443.7,1.01,2.98,2.78,1.0,3.0,-0.44
02a58711o0048o,264.234139322,21.1048540678,15.66,0.66,1.19,o,18.826,58711.2566174,594.24,10150.6,242.0,219.5,86.5,72.7,214.5,7350.4,3860.2,1.13,2.22,1.93,1.0,3.0,-0.437
02a58711o0091o,264.234139322,21.1048540678,>16.83,0.0,3.0,o,20.718,58711.2780293,566.89,10104.5,220.0,219.5,33.0,78.2,251.3,6593.3,4180.7,1.1,2.35,1.96,1.0,3.0,-0.424
02a58711o0094o,264.234139322,21.1048540678,>12.64,0.0,3.0,o,20.797,58711.2794008,10534.1,10159.4,-31415.0,288.6,-10706.3,4151.9,-273.1,-193597.0,15188.1,1.48,2.26,1.96,1.0,3.0,-0.44
02a58711o0098o,264.234139322,21.1048540678,18.62,0.73,1.05,o,21.204,58711.2813231,626.36,10188.2,81.0,181.9,48.2,45.8,160.7,-2893.6,2895.5,1.03,2.31,1.96,1.0,3.0,-0.433
02a58711o0100o,264.234139322,21.1048540678,>16.79,0.0,3.0,o,21.154,58711.2822535,10515.7,10123.2,164.0,115.5,19.4,127.9,94.7,-35285.4,8515.6,0.82,2.25,1.94,1.0,3.0,-0.442
02a58711o0109o,264.234139322,21.1048540678,17.97,0.55,1.51,o,21.547,58711.2865487,645.27,10068.5,225.0,207.8,116.6,77.0,181.5,-3217.0,5338.9,1.02,2.36,1.97,1.0,3.0,-0.433
02a58711o0111o,264.234139322,21.1048540678,None,None,None,o,21.671,58711.2875602,None,None,None,None,None,None,None,None,None,None,None,None,1.0,3.0,-0.444
01a58713o0179o,264.234142698,21.1048487302,18.42,0.11,9.32,o,22.242,58713.3120802,4236.75,2733.04,209.0,181.3,82.0,8.8,178.2,1503.3,664.6,1.3,3.0,2.77,1.0,3.0,-0.436
01a58713o0186o,264.234142698,21.1048487302,18.77,0.15,6.99,o,22.238,58713.3154053,4257.08,2771.26,282.0,182.0,57.3,8.2,182.4,1190.9,614.3,1.48,3.01,2.83,1.0,3.0,-0.438
01a58713o0202o,264.234142698,21.1048487302,18.5,0.13,8.15,o,22.254,58713.3228997,4199.45,2694.84,262.0,181.4,71.7,8.8,179.2,29.8,624.1,1.04,3.15,2.83,1.0,3.0,-0.43
01a58713o0226o,264.234142698,21.1048487302,18.57,0.13,8.13,o,22.252,58713.3341632,4183.22,2809.99,261.0,182.0,74.0,9.1,180.1,1638.8,717.2,1.22,2.94,2.73,1.0,3.0,-0.442
02a58719o0093o,264.234140149,21.104848209,18.43,0.08,13.8,o,22.198,58719.3127201,8178.16,5730.55,348.0,181.8,147.7,10.7,181.7,1530.2,479.9,1.31,2.26,1.94,1.0,3.0,-0.4365
02a58719o0106o,264.234140149,21.104848209,18.42,0.07,15.83,o,22.197,58719.3189914,8157.98,5691.97,322.0,182.2,155.1,9.8,185.5,2366.0,458.9,1.54,2.2,1.89,1.0,3.0,-0.444
02a58719o0127o,264.234140149,21.104848209,18.43,0.08,13.18,o,22.194,58719.3295267,8220.03,5770.12,349.0,180.0,150.2,11.4,180.4,972.1,593.7,1.56,2.24,1.91,1.0,3.0,-0.439
02a58719o0147o,264.234140149,21.104848209,18.5,0.08,13.17,o,22.193,58719.3395535,8239.55,5658.3,300.0,181.3,140.9,10.7,183.1,1012.3,596.6,1.37,2.22,1.92,1.0,3.0,-0.44
01a58721o0372o,264.234139714,21.1048448571,18.46,0.08,13.34,o,22.278,58721.3973225,1345.67,8930.58,339.0,181.8,162.7,12.2,183.0,462.8,625.6,1.5,2.2,1.92,1.0,3.0,-0.418
01a58721o0378o,264.234139714,21.1048448571,18.4,0.08,13.19,o,22.276,58721.4001394,1365.42,8969.61,368.0,181.8,168.8,12.8,178.0,191.0,560.0,1.06,2.22,1.94,1.0,3.0,-0.417
01a58721o0393o,264.234139714,21.1048448571,18.36,0.08,12.87,o,22.27,58721.4072272,1306.73,8890.67,389.0,181.6,172.5,13.4,181.9,990.9,642.8,0.82,2.22,1.95,1.0,3.0,-0.415
01a58721o0427o,264.234139714,21.1048448571,18.38,0.09,11.76,o,22.14,58721.4245023,1284.44,9008.6,287.0,179.8,148.2,12.6,187.9,3649.0,712.9,1.42,2.22,1.96,1.0,3.0,-0.425
02a58723o0289c,264.234140135,21.1048425676,18.64,0.08,13.39,c,22.201,58723.3892683,1020.43,1561.3,262.0,181.8,89.7,6.7,179.1,1294.6,383.8,1.35,2.6,2.37,1.0,3.0,-0.393
02a58723o0296c,264.234140135,21.1048425676,19.1,0.12,8.25,c,22.196,58723.3925451,1000.8,1521.48,223.0,181.6,56.9,6.9,183.0,1377.9,407.2,1.38,2.63,2.41,1.0,3.0,-0.392
02a58723o0316c,264.234140135,21.1048425676,19.1,0.13,7.97,c,22.177,58723.4026014,1062.86,1599.57,233.0,181.6,51.8,6.5,180.7,797.9,448.7,1.05,2.79,2.48,1.0,3.0,-0.379
02a58723o0327c,264.234140135,21.1048425676,18.95,0.11,8.95,c,22.164,58723.4077763,1083.76,1481.94,232.0,181.8,59.1,6.6,182.3,933.9,387.2,1.34,2.62,2.62,1.0,3.0,-0.384
02a58727o0122c,264.234140769,21.1048380769,19.0,0.11,9.82,c,22.279,58727.2989461,1019.61,1565.93,269.0,180.8,64.8,6.6,182.1,1258.0,380.6,1.23,2.68,2.45,1.0,3.0,-0.397
02a58727o0129c,264.234140769,21.1048380769,18.81,0.09,12.05,c,22.277,58727.3027368,997.09,1529.2,261.0,181.0,78.3,6.5,180.2,990.0,394.5,1.47,2.65,2.44,1.0,3.0,-0.4
02a58727o0139c,264.234140769,21.1048380769,18.87,0.09,11.37,c,22.275,58727.3083363,1058.42,1605.47,254.0,182.2,85.3,7.5,180.2,1177.0,420.5,1.56,2.48,2.26,1.0,3.0,-0.403
02a58727o0176c,264.234140769,21.1048380769,19.07,0.11,9.83,c,22.257,58727.3275022,1076.84,1485.33,263.0,181.8,64.9,6.6,184.3,1818.3,365.2,1.79,2.58,2.34,1.0,3.0,-0.397
01a58733o0097o,264.234140769,21.1048380769,>18.09,0.0,3.0,o,20.946,58733.2542814,6099.65,662.03,274.0,189.5,-10.3,30.8,189.3,1334.6,1828.0,0.94,2.24,2.01,1.0,3.0,-0.414
01a58733o0103o,264.234140769,21.1048380769,18.91,0.7,1.1,o,20.989,58733.2570737,6120.04,701.03,289.0,211.2,28.3,25.7,212.1,2320.4,2003.4,1.47,2.36,2.08,1.0,3.0,-0.414
01a58733o0129o,264.234140769,21.1048380769,18.5,0.37,2.46,o,21.557,58733.2695681,6064.11,622.47,268.0,198.1,68.4,27.8,196.4,-300.6,2257.8,1.06,2.47,2.04,1.0,3.0,-0.403
01a58733o0150o,264.234140769,21.1048380769,18.07,0.36,2.53,o,21.239,58733.2798018,6047.79,740.97,232.0,181.3,80.0,31.6,178.7,-416.3,2180.6,1.06,2.46,1.94,1.0,3.0,-0.404

