#expname,ra,dec,mag,dm,snr,filter,zp,mjd,x,y,peakval,skyval,peakfit,dpeak,skyfit,flux,dflux,chin,major,minor,snrdet,snrlimit,apfit
01a58255o0536o,332.648545,-27.2496295,>19.93,0.0,3.0,o,22.112,58255.5994912,2241.38,913.07,184.0,172.6,6.2,7.8,173.3,657.6,688.3,0.93,3.39,2.82,1.0,3.0,-0.423
01a58255o0553o,332.648545,-27.2496295,>19.86,0.0,3.0,o,22.015,58255.6074099,2214.47,852.89,177.0,176.6,-4.4,8.5,178.4,236.9,659.8,0.98,3.12,2.75,1.0,3.0,-0.425
01a58255o0556o,332.648545,-27.2496295,None,None,None,o,21.997,58255.6087874,None,None,None,None,None,None,None,None,None,None,None,None,1.0,3.0,-0.418
01a58255o0570o,332.648545,-27.2496295,19.51,0.63,1.27,o,21.77,58255.6153283,2259.1,911.7,190.0,179.0,13.7,10.8,179.5,2415.0,1126.0,1.04,3.66,3.3,1.0,3.0,-0.402
01a58255o0573o,332.648545,-27.2496295,>18.59,0.0,3.0,o,21.773,58255.6167071,9783.04,10482.1,149.0,158.0,-7.1,16.0,162.7,4028.4,1523.4,0.82,3.59,3.27,1.0,3.0,-0.404
02a58257o0795c,332.648545,-27.2496295,>20.45,0.0,3.0,c,22.228,58257.6001804,1265.55,8947.95,190.0,179.5,-3.4,7.0,179.8,-7.3,570.0,1.47,2.71,2.71,1.0,3.0,-0.396
02a58257o0831c,332.648545,-27.2496295,>19.59,0.0,3.0,c,22.254,58257.6167168,1279.16,8987.7,197.0,179.9,12.4,14.8,180.7,-346.7,1206.6,1.38,2.89,2.73,1.0,3.0,-0.385
02a58257o0843c,332.648545,-27.2496295,>18.12,0.0,3.0,c,22.279,58257.6222626,1225.38,8912.42,242.0,186.3,35.8,65.1,181.2,342.5,4504.0,1.14,2.73,2.6,1.0,3.0,-0.402
01a58259o0793o,332.648545,-27.2496295,>20.07,0.0,3.0,o,22.232,58259.5982713,2353.99,1375.71,164.0,169.1,-1.6,7.4,170.2,1162.0,523.6,0.92,3.39,2.92,1.0,3.0,-0.41
01a58259o0810o,332.648545,-27.2496295,>19.94,0.0,3.0,o,22.236,58259.6061194,2328.09,1314.19,180.0,176.2,-2.7,8.0,174.1,-958.2,706.4,0.81,3.44,3.02,1.0,3.0,-0.398
02a58261o0819o,332.648545,-27.2496295,>20.35,0.0,3.0,o,22.192,58261.6020264,1179.89,7995.31,151.0,178.5,-9.8,12.5,178.2,17.3,681.9,1.38,2.2,1.98,1.0,3.0,-0.436
02a58261o0826o,332.648545,-27.2496295,None,None,None,o,22.202,58261.6052725,None,None,None,None,None,None,None,None,None,None,None,None,1.0,3.0,-0.428
02a58261o0843o,332.648545,-27.2496295,None,None,None,o,22.207,58261.6130483,None,None,None,None,None,None,None,None,None,None,None,None,1.0,3.0,-0.427
02a58261o0851o,332.648545,-27.2496295,>19.44,0.0,3.0,o,22.205,58261.6167512,1193.41,8035.02,173.0,173.8,-13.5,27.8,176.4,1237.2,1704.2,1.05,2.26,2.03,1.0,3.0,-0.43
02a58261o0869o,332.648545,-27.2496295,>17.08,0.0,3.0,o,22.241,58261.625051,1122.22,7960.45,-453.0,214.7,-137.6,236.5,221.6,9230.5,13742.8,1.09,2.35,2.08,1.0,3.0,-0.439
01a58263o0769o,332.648545,-27.2496295,>19.99,0.0,3.0,o,22.019,58263.5919015,1049.03,2767.81,173.0,181.0,-18.6,7.3,181.5,20.2,654.3,1.22,3.19,2.79,1.0,3.0,-0.419
01a58263o0786o,332.648545,-27.2496295,>18.4,0.0,3.0,o,20.593,58263.599712,1023.27,2705.4,174.0,175.0,4.2,8.2,176.7,1050.2,707.8,0.97,3.25,2.83,1.0,3.0,-0.422
01a58263o0793o,332.648545,-27.2496295,>18.11,0.0,3.0,o,20.538,58263.6029377,10478.3,2637.13,178.0,174.1,-0.4,10.2,173.3,-182.1,848.8,1.07,3.26,2.82,1.0,3.0,-0.422
01a58263o0803o,332.648545,-27.2496295,>19.3,0.0,3.0,o,21.583,58263.6075854,1066.42,2761.07,220.0,182.3,-2.3,9.3,183.7,1243.4,639.3,0.95,3.18,2.76,1.0,3.0,-0.421
01a58263o0810o,332.648545,-27.2496295,>18.14,0.0,3.0,o,20.615,58263.6108633,10450.4,2575.03,165.0,170.6,-23.5,10.7,171.7,-115.9,889.8,0.94,3.24,2.83,1.0,3.0,-0.423
01a58263o0820o,332.648545,-27.2496295,>17.98,0.0,3.0,o,21.106,58263.6154696,1073.88,2619.41,100.0,163.6,2.3,18.8,152.0,-7745.8,1552.5,0.94,3.28,2.89,1.0,3.0,-0.42
01a58263o0827o,332.648545,-27.2496295,>17.01,0.0,3.0,o,21.177,58263.6187267,10512.9,2625.73,68.0,134.9,-2.4,49.1,161.7,16216.1,3731.0,0.38,3.26,2.89,1.0,3.0,-0.43
02a58269o0686o,332.648545,-27.2496295,>18.93,0.0,3.0,o,22.029,58269.5717119,9572.07,10279.7,77.0,164.4,-46.9,39.2,167.2,-19.9,3210.3,1.15,2.21,2.01,1.0,3.0,-0.446
02a58269o0704o,332.648545,-27.2496295,19.0,0.48,1.82,o,22.013,58269.5800941,9589.24,10321.5,280.0,194.0,68.6,37.7,181.9,115.1,2639.9,0.93,2.27,2.06,1.0,3.0,-0.436
02a58269o0706o,332.648545,-27.2496295,>18.9,0.0,3.0,o,21.921,58269.5810089,2145.17,518.41,183.0,176.7,12.6,31.6,172.3,-1199.4,2058.1,0.91,2.37,2.16,1.0,3.0,-0.453
02a58269o0710o,332.648545,-27.2496295,>18.26,0.0,3.0,o,21.958,58269.5828352,103.88,10321.4,62.0,170.7,-103.9,62.6,184.2,-1596.3,3632.5,0.63,2.31,2.08,1.0,3.0,-0.433
02a58269o0721o,332.648545,-27.2496295,>18.99,0.0,3.0,o,22.064,58269.5879443,9535.26,10242.2,249.0,170.6,-31.1,36.1,185.2,6608.7,2232.4,1.13,2.26,2.08,1.0,3.0,-0.451
02a58269o0724o,332.648545,-27.2496295,>19.22,0.0,3.0,o,22.037,58269.5893415,2161.6,558.68,148.0,166.0,2.1,27.0,170.5,381.0,1676.2,0.93,2.32,2.13,1.0,3.0,-0.4465
02a58269o0728o,332.648545,-27.2496295,>18.96,0.0,3.0,o,22.081,58269.5912184,119.93,10361.2,272.0,203.7,-15.7,35.6,213.9,4111.3,2072.6,0.78,2.34,2.13,1.0,3.0,-0.437
02a58269o0739o,332.648545,-27.2496295,>19.09,0.0,3.0,o,22.083,58269.5963897,9516.74,10361.6,106.0,154.2,-63.5,35.1,164.2,1218.1,1972.9,1.15,2.21,2.03,1.0,3.0,-0.454
02a58269o0741o,332.648545,-27.2496295,>19.15,0.0,3.0,o,22.028,58269.5973042,2107.71,481.11,220.0,175.5,12.6,26.3,177.9,3096.2,1555.8,0.93,2.43,2.21,1.0,3.0,-0.439
02a58269o0745o,332.648545,-27.2496295,>18.02,0.0,3.0,o,22.02,58269.5991815,49.71,10285.5,-37.0,36.5,-32.2,77.9,51.1,4943.1,4351.2,0.47,2.36,2.16,1.0,3.0,-0.4355
02a58269o0759o,332.648545,-27.2496295,>19.07,0.0,3.0,o,21.929,58269.6057234,2089.01,599.77,130.0,174.6,-69.7,29.6,176.8,-1117.5,1681.5,1.26,2.28,2.06,1.0,3.0,-0.447
02a58269o0763o,332.648545,-27.2496295,>17.69,0.0,3.0,o,22.03,58269.6075781,28.07,10405.4,21.0,63.6,-20.5,115.5,52.6,-23736.8,11210.0,0.59,2.26,2.08,1.0,3.0,-0.446
01a58271o0703o,332.648545,-27.2496295,>14.33,0.0,3.0,o,22.052,58271.6206633,1595.04,1343.3,5088.0,5141.0,16.1,1120.4,5346.0,169664.0,72809.7,0.01,3.6,3.04,1.0,3.0,-0.442
02a58273o0725o,332.648545,-27.2496295,16.56,0.51,1.66,o,21.118,58273.5729703,842.41,9275.9,1166.0,530.9,390.3,234.6,546.8,1249.6,15403.5,1.11,2.41,2.12,1.0,3.0,-0.499
02a58273o0738o,332.648545,-27.2496295,>19.09,0.0,3.0,o,22.13,58273.579039,857.64,9315.07,200.0,174.0,-4.7,33.2,168.3,-1989.0,2175.9,1.19,2.35,2.1,1.0,3.0,-0.424
02a58273o0758o,332.648545,-27.2496295,18.53,0.3,3.08,o,22.198,58273.5896416,786.25,9239.7,360.0,183.7,124.9,40.5,177.6,179.5,2645.5,1.4,2.29,2.04,1.0,3.0,-0.428
02a58273o0763o,332.648545,-27.2496295,>19.37,0.0,3.0,o,22.198,58273.5919266,768.06,9359.01,208.0,174.6,-0.4,28.0,174.8,3132.0,1622.7,1.34,2.32,2.08,1.0,3.0,-0.421
01a58275o0748o,332.648545,-27.2496295,>19.56,0.0,3.0,o,22.235,58275.5723135,9299.13,811.96,103.0,168.5,-10.1,11.8,169.3,548.3,1015.5,1.15,3.35,2.97,1.0,3.0,-0.409
01a58275o0761o,332.648545,-27.2496295,>16.12,0.0,3.0,o,22.215,58275.5783187,7267.52,10523.7,-879.0,-47.9,-614.5,287.7,-561.3,-188523.0,30988.6,0.18,3.3,2.9,1.0,3.0,-0.409
01a58275o0765o,332.648545,-27.2496295,>19.74,0.0,3.0,o,22.238,58275.580157,9273.48,748.49,98.0,168.0,-21.3,10.9,170.6,265.8,881.1,1.05,3.23,2.83,1.0,3.0,-0.419
01a58275o0783o,332.648545,-27.2496295,>19.69,0.0,3.0,o,22.242,58275.5885943,9318.12,800.15,148.0,173.0,0.8,11.4,174.0,929.8,846.5,1.22,3.23,2.85,1.0,3.0,-0.419
01a58275o0797o,332.648545,-27.2496295,>19.75,0.0,3.0,o,22.223,58275.5951331,7320.95,10430.8,140.0,175.8,-8.5,9.5,178.2,868.2,859.0,1.04,3.4,3.03,1.0,3.0,-0.406
01a58275o0802o,332.648545,-27.2496295,>19.61,0.0,3.0,o,22.245,58275.5975096,9326.97,652.05,190.0,170.7,-8.3,11.1,171.5,1212.7,1008.4,0.9,3.41,2.99,1.0,3.0,-0.407
01a58279o0704o,332.648545,-27.2496295,>20.06,0.0,3.0,o,22.205,58279.5643333,490.15,1852.39,175.0,175.4,-14.4,8.2,178.2,2658.7,690.0,0.87,3.15,2.78,1.0,3.0,-0.426
01a58279o0721o,332.648545,-27.2496295,>20.05,0.0,3.0,o,22.174,58279.5721772,463.3,1787.47,144.0,174.9,-5.1,7.9,173.8,-32.6,759.6,1.0,3.17,2.82,1.0,3.0,-0.42
01a58279o0724o,332.648545,-27.2496295,>20.01,0.0,3.0,o,22.101,58279.57358,9950.21,1752.49,158.0,178.8,-16.4,7.4,178.1,-263.2,637.4,0.79,3.25,2.85,1.0,3.0,-0.41
01a58279o0738o,332.648545,-27.2496295,>19.95,0.0,3.0,o,22.18,58279.5800335,508.16,1841.3,185.0,179.1,3.2,8.8,179.3,384.5,703.2,1.32,3.18,2.78,1.0,3.0,-0.425
01a58279o0741o,332.648545,-27.2496295,>20.07,0.0,3.0,o,22.187,58279.5814135,9905.4,1688.33,142.0,180.9,-24.6,8.1,180.0,-119.1,578.0,1.12,3.14,2.77,1.0,3.0,-0.421
01a58279o0755o,332.648545,-27.2496295,>19.95,0.0,3.0,o,21.983,58279.5878984,517.13,1697.58,190.0,168.6,1.7,7.2,168.6,126.1,623.4,1.33,3.17,2.84,1.0,3.0,-0.42
01a58279o0758o,332.648545,-27.2496295,>20.12,0.0,3.0,o,22.194,58279.5892871,9968.55,1737.79,163.0,177.0,-13.4,7.9,177.0,23.9,589.0,1.22,3.13,2.72,1.0,3.0,-0.422
01a58279o0775o,332.648545,-27.2496295,>20.19,0.0,3.0,o,22.214,58279.5971524,9978.26,1592.43,197.0,174.9,-0.9,7.4,173.6,1025.1,592.4,1.3,3.16,2.77,1.0,3.0,-0.42
02a58281o0650c,332.648545,-27.2496295,>20.62,0.0,3.0,c,22.274,58281.5625633,9209.48,9803.81,179.0,181.7,4.6,7.0,181.0,620.8,391.0,0.94,2.66,2.47,1.0,3.0,-0.41
02a58281o0666c,332.648545,-27.2496295,>17.65,0.0,3.0,c,22.255,58281.5699137,1786.38,55.18,196.0,172.0,-18.2,100.1,181.2,7141.0,5225.9,0.01,2.76,2.52,1.0,3.0,-0.41
02a58281o0667c,332.648545,-27.2496295,>20.62,0.0,3.0,c,22.28,58281.5703705,9224.8,9845.51,176.0,181.1,-5.1,6.8,181.5,427.1,494.2,1.45,2.7,2.52,1.0,3.0,-0.401
02a58281o0683c,332.648545,-27.2496295,21.3,0.69,1.13,c,22.263,58281.5777261,1801.65,95.49,184.0,182.7,7.7,6.8,182.0,1284.2,490.7,1.48,2.66,2.45,1.0,3.0,-0.412
02a58281o0684c,332.648545,-27.2496295,>20.67,0.0,3.0,c,22.283,58281.5781838,9169.52,9767.26,190.0,181.9,-7.6,7.1,182.6,172.5,406.7,1.11,2.58,2.41,1.0,3.0,-0.411
02a58281o0700c,332.648545,-27.2496295,>17.78,0.0,3.0,c,22.268,58281.5855786,1729.58,18.61,-162.0,76.5,-215.9,89.4,-38.1,-66444.4,26138.7,0.05,2.74,2.55,1.0,3.0,-0.41
02a58281o0701c,332.648545,-27.2496295,>20.65,0.0,3.0,c,22.287,58281.5860351,9150.14,9886.23,184.0,181.8,-6.4,6.9,179.7,-444.8,510.8,1.26,2.65,2.48,1.0,3.0,-0.407
02a58281o0717c,332.648545,-27.2496295,>20.75,0.0,3.0,c,22.273,58281.5933953,1710.25,137.77,181.0,182.5,-3.8,6.5,183.5,1350.4,477.0,1.49,2.59,2.41,1.0,3.0,-0.411
01a58283o0670o,332.648545,-27.2496295,>19.76,0.0,3.0,o,22.239,58283.5591179,47.2,588.57,104.0,161.1,-20.4,8.8,164.3,1472.7,823.3,1.2,3.52,3.17,1.0,3.0,-0.403
01a58283o0686o,332.648545,-27.2496295,>20.04,0.0,3.0,o,22.218,58283.5665027,7559.83,10298.1,159.0,176.3,-5.3,6.3,177.3,547.9,567.6,1.14,3.61,3.28,1.0,3.0,-0.401
01a58283o0687o,332.648545,-27.2496295,>19.62,0.0,3.0,o,22.241,58283.5669638,28.01,549.02,165.0,164.2,-12.8,10.8,171.2,2847.7,846.0,1.19,3.38,3.05,1.0,3.0,-0.409
01a58283o0690o,332.648545,-27.2496295,>20.11,0.0,3.0,o,22.239,58283.5683515,9527.04,494.22,174.0,178.1,-4.9,7.2,177.0,-17.7,623.4,1.2,3.31,2.98,1.0,3.0,-0.411
01a58283o0703o,332.648545,-27.2496295,>20.03,0.0,3.0,o,22.222,58283.5743455,7544.45,10258.3,152.0,174.6,-9.0,7.0,175.3,931.2,662.7,0.89,3.48,3.1,1.0,3.0,-0.401
01a58283o0704o,332.648545,-27.2496295,>20.0,0.0,3.0,o,22.243,58283.5748058,82.26,630.21,166.0,168.1,-4.6,7.5,168.1,909.5,695.6,1.25,3.41,3.1,1.0,3.0,-0.41
01a58283o0707o,332.648545,-27.2496295,>20.03,0.0,3.0,o,22.243,58283.5761926,9509.07,454.26,157.0,175.0,1.3,7.4,174.6,283.2,601.4,1.26,3.41,3.05,1.0,3.0,-0.406
01a58283o0720o,332.648545,-27.2496295,>20.09,0.0,3.0,o,22.223,58283.582216,7599.36,10336.2,153.0,174.8,-1.6,6.7,177.3,1310.0,660.0,0.98,3.45,3.09,1.0,3.0,-0.403
01a58283o0721o,332.648545,-27.2496295,>20.14,0.0,3.0,o,22.245,58283.5826757,114.08,513.8,174.0,166.3,-4.4,7.2,167.2,96.3,597.9,1.08,3.28,2.95,1.0,3.0,-0.414
01a58283o0724o,332.648545,-27.2496295,>20.1,0.0,3.0,o,22.245,58283.5840543,9561.37,531.0,158.0,176.5,-3.6,7.2,176.5,875.4,582.7,1.03,3.36,2.98,1.0,3.0,-0.406
01a58283o0737o,332.648545,-27.2496295,>20.06,0.0,3.0,o,22.228,58283.5900581,7617.4,10217.4,187.0,180.2,-12.2,6.4,180.2,324.8,612.9,1.01,3.56,3.23,1.0,3.0,-0.395
01a58283o0741o,332.648545,-27.2496295,>20.06,0.0,3.0,o,22.246,58283.5919082,9579.55,410.75,156.0,174.5,-23.7,7.0,176.5,672.0,635.4,1.04,3.47,3.07,1.0,3.0,-0.402
02a58285o0675c,332.648545,-27.2496295,None,None,None,c,22.261,58285.5542782,None,None,None,None,None,None,None,None,None,None,None,None,1.0,3.0,-0.403
02a58285o0679c,332.648545,-27.2496295,>20.62,0.0,3.0,c,22.274,58285.5561341,8080.39,10190.9,176.0,182.1,-13.8,6.6,180.6,-308.1,394.0,1.1,2.73,2.54,1.0,3.0,-0.404
02a58285o0692c,332.648545,-27.2496295,None,None,None,c,22.266,58285.5620995,None,None,None,None,None,None,None,None,None,None,None,None,1.0,3.0,-0.405
02a58285o0696c,332.648545,-27.2496295,>20.68,0.0,3.0,c,22.278,58285.5639435,8112.12,10234.2,173.0,181.7,-20.1,7.0,182.9,32.6,415.1,1.17,2.59,2.41,1.0,3.0,-0.407
02a58285o0699c,332.648545,-27.2496295,>20.8,0.0,3.0,c,22.256,58285.565326,600.06,501.35,185.0,188.7,-25.5,6.1,186.1,-653.9,432.6,1.47,2.59,2.42,1.0,3.0,-0.405
02a58285o0709c,332.648545,-27.2496295,>20.4,0.0,3.0,c,22.272,58285.5699531,10493.3,459.64,190.0,182.8,-18.1,9.3,181.8,-277.8,616.3,1.39,2.54,2.37,1.0,3.0,-0.414
02a58285o0713c,332.648545,-27.2496295,>20.6,0.0,3.0,c,22.285,58285.571781,8038.48,10155.0,179.0,181.0,-11.3,7.1,178.9,173.0,438.1,1.25,2.68,2.47,1.0,3.0,-0.396
02a58285o0716c,332.648545,-27.2496295,>20.75,0.0,3.0,c,22.265,58285.573167,614.84,541.87,183.0,189.9,-17.9,6.4,192.9,2143.3,495.5,1.41,2.59,2.43,1.0,3.0,-0.405
02a58285o0726c,332.648545,-27.2496295,>20.37,0.0,3.0,c,22.278,58285.5777823,10472.5,579.21,159.0,180.3,-8.6,9.0,178.7,-347.6,586.9,1.01,2.63,2.46,1.0,3.0,-0.402
02a58285o0730c,332.648545,-27.2496295,>20.65,0.0,3.0,c,22.288,58285.5796239,8020.27,10274.1,179.0,181.9,0.3,7.0,181.2,536.4,447.0,1.28,2.64,2.44,1.0,3.0,-0.399
02a58285o0733c,332.648545,-27.2496295,>20.74,0.0,3.0,c,22.27,58285.581008,542.5,465.1,159.0,183.4,-18.6,6.3,183.4,-1.4,437.1,1.34,2.64,2.47,1.0,3.0,-0.4
02a58285o0750c,332.648545,-27.2496295,>20.76,0.0,3.0,c,22.262,58285.5888902,524.32,584.13,191.0,183.1,-12.2,6.2,184.0,555.1,476.9,1.42,2.63,2.45,1.0,3.0,-0.4
01a58287o0640o,332.648545,-27.2496295,>20.26,0.0,3.0,o,22.223,58287.5797076,8698.96,2345.73,174.0,180.2,-2.8,7.0,180.6,-142.7,525.3,0.93,3.18,2.73,1.0,3.0,-0.431
01a58291o0654o,332.648545,-27.2496295,>19.66,0.0,3.0,o,22.223,58291.5428641,70.73,10157.8,217.0,173.6,3.4,10.6,174.7,1811.6,911.8,1.07,3.37,2.96,1.0,3.0,-0.408
01a58291o0665o,332.648545,-27.2496295,>20.06,0.0,3.0,o,22.219,58291.5479437,10021.1,10037.1,159.0,178.8,-16.9,7.2,178.6,416.8,630.2,0.95,3.39,2.99,1.0,3.0,-0.408
01a58291o0668o,332.648545,-27.2496295,20.51,0.56,1.49,o,22.239,58291.5493247,2410.98,433.54,200.0,181.7,9.1,6.1,181.7,769.6,476.5,1.1,3.56,3.14,1.0,3.0,-0.4
01a58291o0671o,332.648545,-27.2496295,>20.07,0.0,3.0,o,22.236,58291.5507059,2392.81,393.39,192.0,177.8,-4.0,6.5,179.0,1615.8,567.8,0.97,3.66,3.09,1.0,3.0,-0.423
01a58291o0673o,332.648545,-27.2496295,19.86,0.64,1.25,o,22.225,58291.5516284,36.43,10120.2,136.0,171.2,15.6,12.5,172.4,1654.1,1295.0,1.22,3.61,3.25,1.0,3.0,-0.399
01a58291o0691o,332.648545,-27.2496295,>19.99,0.0,3.0,o,22.229,58291.5599491,106.5,10200.8,213.0,174.4,-10.9,8.4,174.0,213.9,622.1,1.17,3.25,2.87,1.0,3.0,-0.414
01a58291o0694o,332.648545,-27.2496295,>20.07,0.0,3.0,o,22.227,58291.5613315,9985.88,9997.08,163.0,178.4,-12.7,7.3,179.1,482.1,629.7,1.15,3.36,2.96,1.0,3.0,-0.406
01a58291o0695o,332.648545,-27.2496295,>20.2,0.0,3.0,o,22.245,58291.5617912,2443.56,473.81,185.0,181.1,-2.3,7.0,181.5,1082.5,515.3,1.02,3.23,2.91,1.0,3.0,-0.42
01a58291o0708o,332.648545,-27.2496295,>20.03,0.0,3.0,o,22.231,58291.5678058,123.71,10084.1,171.0,170.8,-0.5,7.5,171.4,844.1,672.4,0.97,3.34,3.04,1.0,3.0,-0.416
01a58291o0711o,332.648545,-27.2496295,>20.2,0.0,3.0,o,22.229,58291.5691957,10057.8,10074.0,188.0,176.7,-11.6,7.2,178.1,1851.5,640.9,1.25,3.2,2.82,1.0,3.0,-0.42
01a58291o0712o,332.648545,-27.2496295,>20.21,0.0,3.0,o,22.248,58291.5696563,2456.64,357.54,165.0,181.5,3.6,7.4,179.3,125.7,508.4,1.17,3.19,2.78,1.0,3.0,-0.421
01a58291o0728o,332.648545,-27.2496295,>20.06,0.0,3.0,o,22.233,58291.5770308,10072.6,9955.96,145.0,178.7,-6.2,8.6,179.9,1246.5,649.3,1.2,3.15,2.73,1.0,3.0,-0.425
02a58293o0661o,332.648545,-27.2496295,>17.0,0.0,3.0,o,22.215,58293.5780328,10522.4,8285.39,178.0,152.0,-25.8,248.4,173.9,-54875.8,11091.5,0.01,2.31,2.13,1.0,3.0,-0.442
02a58293o0680o,332.648545,-27.2496295,>17.03,0.0,3.0,o,22.218,58293.5874201,10533.9,8327.7,-416.0,141.7,-434.0,251.2,-197.1,-125292.0,12138.9,0.19,2.27,2.08,1.0,3.0,-0.431
02a58293o0699o,332.648545,-27.2496295,>20.39,0.0,3.0,o,22.217,58293.5963056,9390.14,2167.07,147.0,176.2,6.2,10.9,176.4,377.4,607.4,1.08,2.3,2.15,1.0,3.0,-0.4445
02a58293o0707o,332.648545,-27.2496295,None,None,None,o,22.219,58293.6003377,None,None,None,None,None,None,None,None,None,None,None,None,1.0,3.0,-0.425
02a58293o0717o,332.648545,-27.2496295,>19.91,0.0,3.0,o,22.211,58293.6049274,10.6,2069.22,163.0,165.9,-42.8,17.8,166.3,-38520.5,1198.0,1.83,2.23,2.1,1.0,3.0,-0.445
02a58293o0721o,332.648545,-27.2496295,>20.36,0.0,3.0,o,22.222,58293.6069381,1084.54,8305.96,195.0,177.9,5.8,12.3,177.5,490.5,720.8,0.71,2.2,2.05,1.0,3.0,-0.439
02a58293o0742o,332.648545,-27.2496295,>19.81,0.0,3.0,o,22.226,58293.6171289,9420.21,2205.94,202.0,177.6,-13.2,18.3,181.7,1766.2,1351.5,1.47,2.33,2.17,1.0,3.0,-0.43
02a58293o0758o,332.648545,-27.2496295,>18.31,0.0,3.0,o,22.266,58293.6248122,9446.12,2088.35,-73.0,183.3,-33.2,74.9,200.9,11460.5,5481.4,0.9,2.35,2.18,1.0,3.0,-0.468
01a58295o0609o,332.648545,-27.2496295,>15.5,0.0,3.0,o,22.23,58295.5320015,6194.03,10537.1,-1430.0,-449.8,-222.0,500.5,-1291.2,-411134.0,174099.0,0.0,3.33,2.96,1.0,3.0,-0.412
01a58295o0636o,332.648545,-27.2496295,>19.5,0.0,3.0,o,22.256,58295.545323,8235.57,816.51,143.0,183.3,-5.9,11.4,183.4,-1105.5,1015.9,1.1,3.5,3.17,1.0,3.0,-0.411
01a58295o0642o,332.648545,-27.2496295,>19.54,0.0,3.0,o,22.258,58295.5480861,8268.46,854.27,163.0,183.8,-13.9,11.8,186.6,1589.2,1027.8,1.03,3.41,3.05,1.0,3.0,-0.418
01a58295o0643o,332.648545,-27.2496295,>15.75,0.0,3.0,o,22.236,58295.5485465,6280.67,10497.2,191.0,146.5,-12.5,367.5,171.5,16749.6,23425.8,0.0,3.44,3.11,1.0,3.0,-0.414
01a58295o0644o,332.648545,-27.2496295,>19.51,0.0,3.0,o,22.256,58295.5490067,8216.15,777.4,222.0,180.7,3.0,12.1,180.4,2953.9,972.7,1.07,3.37,3.09,1.0,3.0,-0.414
01a58295o0677o,332.648545,-27.2496295,>19.54,0.0,3.0,o,22.259,58295.5647506,8283.2,735.38,150.0,180.4,-9.9,11.4,181.5,575.9,1083.6,0.91,3.44,3.11,1.0,3.0,-0.413
02a58305o0257o,332.648545,-27.2496295,>20.21,0.0,3.0,o,22.202,58305.5236823,1709.68,8827.06,178.0,179.0,-9.1,12.4,179.5,390.8,768.5,1.06,2.34,2.15,1.0,3.0,-0.421
02a58305o0270o,332.648545,-27.2496295,>20.2,0.0,3.0,o,22.206,58305.5296257,1725.72,8865.86,210.0,179.5,-10.2,12.2,175.1,169.5,775.3,1.0,2.37,2.2,1.0,3.0,-0.43
02a58305o0287o,332.648545,-27.2496295,20.72,0.65,1.23,o,22.197,58305.5374359,1670.72,8788.65,234.0,180.0,16.6,13.5,181.5,926.1,846.5,1.17,2.26,2.08,1.0,3.0,-0.436
02a58305o0304o,332.648545,-27.2496295,>20.01,0.0,3.0,o,22.186,58305.545255,1650.18,8906.64,226.0,178.3,5.5,14.0,177.0,737.7,882.7,1.11,2.4,2.21,1.0,3.0,-0.418
02a58309o0612c,332.648545,-27.2496295,>20.71,0.0,3.0,c,22.223,58309.5258539,2462.44,1657.39,173.0,181.1,-20.0,6.9,180.0,-768.3,437.8,1.5,2.42,2.42,1.0,3.0,-0.412
02a58309o0630c,332.648545,-27.2496295,>20.75,0.0,3.0,c,22.215,58309.5341098,2495.66,1696.03,177.0,181.3,-0.7,6.6,181.5,601.7,433.0,1.3,2.51,2.33,1.0,3.0,-0.422
02a58309o0641c,332.648545,-27.2496295,>20.76,0.0,3.0,c,22.21,58309.539139,2424.4,1618.18,198.0,182.2,-7.2,6.6,181.4,-217.3,457.6,1.67,2.5,2.3,1.0,3.0,-0.423
02a58309o0656c,332.648545,-27.2496295,>20.64,0.0,3.0,c,22.223,58309.5460092,2403.93,1734.48,198.0,183.2,-9.1,7.2,182.7,-315.2,448.6,1.14,2.44,2.44,1.0,3.0,-0.414
01a58311o0564o,332.648545,-27.2496295,>20.21,0.0,3.0,o,22.242,58311.5139716,2543.47,2775.62,191.0,182.4,-0.8,7.6,182.2,427.8,550.8,1.42,3.11,2.74,1.0,3.0,-0.431
01a58311o0581o,332.648545,-27.2496295,>20.17,0.0,3.0,o,22.247,58311.5217958,2562.17,2815.06,184.0,183.0,-3.7,8.0,184.4,647.1,608.3,1.12,2.91,2.91,1.0,3.0,-0.423
01a58311o0598o,332.648545,-27.2496295,>20.17,0.0,3.0,o,22.248,58311.5296317,2613.99,2854.85,179.0,180.7,-2.0,8.2,184.3,2478.0,618.4,0.99,3.11,2.67,1.0,3.0,-0.427
01a58311o0614o,332.648545,-27.2496295,>20.03,0.0,3.0,o,22.249,58311.5369983,2628.2,2738.32,186.0,179.2,-2.4,8.6,184.4,3309.5,676.1,1.19,3.2,2.8,1.0,3.0,-0.42
02a58313o0216c,332.648545,-27.2496295,>18.6,0.0,3.0,c,20.334,58313.5061955,1697.14,1428.15,204.0,178.3,1.5,6.9,177.8,-208.6,506.9,0.74,2.76,2.6,1.0,3.0,-0.39
02a58313o0238c,332.648545,-27.2496295,>17.91,0.0,3.0,c,19.94,58313.5162611,1713.48,1468.0,225.0,182.7,6.5,9.6,182.2,801.1,728.6,1.17,2.7,2.5,1.0,3.0,-0.401
02a58313o0252c,332.648545,-27.2496295,18.59,0.52,1.63,c,20.399,58313.5226723,1626.28,1527.59,194.0,179.0,16.5,10.1,181.4,900.1,664.4,1.3,2.67,2.46,1.0,3.0,-0.409
02a58313o0267c,332.648545,-27.2496295,19.64,0.74,1.02,c,20.652,58313.529534,1638.33,1410.69,162.0,176.0,8.5,8.3,175.6,-443.2,624.9,1.14,2.58,2.4,1.0,3.0,-0.404
01a58315o0442o,332.648545,-27.2496295,>20.24,0.0,3.0,o,22.245,58315.5091892,8174.41,1790.57,188.0,176.9,-2.4,6.6,177.2,268.3,574.1,1.01,3.27,2.94,1.0,3.0,-0.414
01a58315o0460o,332.648545,-27.2496295,>20.19,0.0,3.0,o,22.246,58315.517472,8152.88,1752.68,178.0,177.5,-5.6,6.5,178.7,517.0,601.6,1.24,3.39,3.02,1.0,3.0,-0.4145
01a58315o0492o,332.648545,-27.2496295,>20.21,0.0,3.0,o,22.23,58315.5322162,8206.38,1829.52,156.0,178.4,-7.0,7.2,178.5,347.9,605.3,1.05,3.2,2.8,1.0,3.0,-0.421
01a58315o0512o,332.648545,-27.2496295,20.84,0.7,1.11,o,22.23,58315.5414247,8239.34,1710.76,197.0,176.2,7.9,7.1,176.2,173.9,647.5,1.08,3.2,2.87,1.0,3.0,-0.42
01a58319o0553o,332.648545,-27.2496295,>19.26,0.0,3.0,o,21.536,58319.4973117,262.19,931.11,192.0,182.5,-9.7,9.9,186.4,954.6,698.5,1.24,3.08,2.67,1.0,3.0,-0.435
01a58319o0558o,332.648545,-27.2496295,>19.63,0.0,3.0,o,21.763,58319.4996131,242.08,892.08,179.0,180.4,-1.2,8.8,179.2,-20.1,624.8,0.98,3.05,2.66,1.0,3.0,-0.439
01a58319o0561o,332.648545,-27.2496295,>19.63,0.0,3.0,o,21.688,58319.5009936,9732.7,818.54,143.0,183.1,-31.7,7.9,184.7,1331.2,637.8,1.31,3.1,2.72,1.0,3.0,-0.438
01a58319o0577o,332.648545,-27.2496295,>19.37,0.0,3.0,o,21.386,58319.5083592,314.04,974.57,169.0,179.8,-26.1,8.1,179.6,-389.0,581.9,0.92,3.0,2.63,1.0,3.0,-0.445
01a58319o0583o,332.648545,-27.2496295,>19.05,0.0,3.0,o,21.344,58319.5111224,328.59,857.57,192.0,176.4,-6.6,9.8,178.4,796.7,793.8,0.93,3.14,2.68,1.0,3.0,-0.427
01a58319o0595o,332.648545,-27.2496295,>19.66,0.0,3.0,o,21.665,58319.5166509,9713.25,781.02,177.0,183.5,-26.0,7.6,188.7,1842.7,581.6,1.13,3.08,2.7,1.0,3.0,-0.433
01a58319o0610o,332.648545,-27.2496295,None,None,None,o,20.854,58319.5235634,None,None,None,None,None,None,None,None,None,None,None,None,1.0,3.0,-0.434
01a58319o0616o,332.648545,-27.2496295,>18.94,0.0,3.0,o,20.876,58319.5263255,9761.87,855.77,180.0,181.4,-9.6,6.9,183.3,961.9,521.2,1.15,3.16,2.74,1.0,3.0,-0.44
01a58319o0623o,332.648545,-27.2496295,>18.9,0.0,3.0,o,20.872,58319.529547,9779.64,737.76,199.0,184.0,-1.1,6.9,183.3,479.8,556.7,1.23,3.2,2.78,1.0,3.0,-0.429
02a58321o0503o,332.648545,-27.2496295,20.39,0.51,1.67,o,22.219,58321.4748862,9526.52,8384.06,182.0,174.1,25.5,15.3,174.1,1120.9,852.5,1.35,2.16,1.96,1.0,3.0,-0.434
02a58321o0519o,332.648545,-27.2496295,>20.29,0.0,3.0,o,22.221,58321.4822012,9543.14,8423.68,141.0,175.0,-18.9,13.5,175.6,742.5,796.1,0.96,2.24,1.96,1.0,3.0,-0.427
02a58321o0524o,332.648545,-27.2496295,>20.02,0.0,3.0,o,22.222,58321.48449,76.84,8420.8,185.0,170.4,-3.1,17.9,166.4,-127.6,976.2,0.93,2.19,1.93,1.0,3.0,-0.432
02a58321o0547o,332.648545,-27.2496295,>20.26,0.0,3.0,o,22.22,58321.4954301,89.57,8460.44,138.0,172.0,-26.9,15.2,172.2,2.0,934.8,1.06,2.1,1.91,1.0,3.0,-0.439
02a58321o0552o,332.648545,-27.2496295,>20.41,0.0,3.0,o,22.22,58321.4977175,9468.67,8345.35,155.0,175.4,-0.0,13.4,174.3,1088.5,710.2,1.11,2.11,1.88,1.0,3.0,-0.447
02a58321o0556o,332.648545,-27.2496295,>19.91,0.0,3.0,o,22.219,58321.4995484,39.39,8384.05,181.0,160.7,-7.7,21.2,161.0,1890.3,1334.8,0.96,2.08,1.9,1.0,3.0,-0.442
02a58321o0572o,332.648545,-27.2496295,>20.44,0.0,3.0,o,22.222,58321.5068944,9448.71,8462.27,194.0,178.1,10.7,12.4,176.7,1354.0,707.8,0.96,2.14,1.94,1.0,3.0,-0.437
02a58321o0581o,332.648545,-27.2496295,>19.94,0.0,3.0,o,22.223,58321.5110477,16.91,8501.41,154.0,167.9,-49.5,19.0,163.0,-2532.5,1177.1,1.52,2.19,1.96,1.0,3.0,-0.429
01a58323o0514o,332.648545,-27.2496295,>17.16,0.0,3.0,o,20.809,58323.4892803,8369.41,1081.11,350.0,318.3,-44.0,32.8,327.0,759.3,3056.0,1.28,3.18,2.77,1.0,3.0,-0.456
01a58323o0541o,332.648545,-27.2496295,>16.72,0.0,3.0,o,20.615,58323.5017134,8351.0,1042.46,246.0,182.8,42.0,42.1,185.2,5055.0,3140.4,1.06,3.17,2.71,1.0,3.0,-0.449
01a58323o0545o,332.648545,-27.2496295,>17.1,0.0,3.0,o,20.858,58323.5035532,8402.44,1118.19,315.0,178.4,33.2,38.4,194.9,8011.0,2991.9,0.93,3.04,2.74,1.0,3.0,-0.47
01a58323o0564o,332.648545,-27.2496295,>17.11,0.0,3.0,o,20.664,58323.5123881,8417.71,999.37,143.0,188.5,2.2,32.4,188.4,907.3,2577.9,0.91,3.03,2.7,1.0,3.0,-0.469
01a58331o0404o,332.648545,-27.2496295,17.0,0.06,18.32,o,22.216,58331.4658033,578.23,1915.43,458.0,172.9,271.2,14.8,171.3,2470.5,1203.4,1.19,3.17,2.84,1.0,3.0,-0.428
01a58331o0412o,332.648545,-27.2496295,16.99,0.06,18.37,o,22.218,58331.4694887,558.49,1877.1,478.0,169.2,260.8,14.2,172.8,6286.1,1112.4,1.01,3.26,2.93,1.0,3.0,-0.424
01a58331o0417o,332.648545,-27.2496295,17.11,0.07,16.06,o,22.221,58331.4717927,10031.0,1786.17,343.0,157.2,231.3,14.4,157.9,4596.7,1240.5,1.03,3.28,2.95,1.0,3.0,-0.42
01a58331o0432o,332.648545,-27.2496295,16.89,0.05,22.07,o,22.232,58331.4792459,603.47,1956.09,463.0,173.2,311.2,14.1,174.1,6379.6,1355.0,1.12,3.17,2.79,1.0,3.0,-0.425
01a58331o0435o,332.648545,-27.2496295,17.03,0.05,21.56,o,22.23,58331.4806276,622.55,1840.24,452.0,172.2,271.6,12.6,172.5,3778.8,1164.9,1.37,3.21,2.8,1.0,3.0,-0.419
01a58331o0448o,332.648545,-27.2496295,17.02,0.06,18.82,o,22.233,58331.4866083,9994.75,1748.17,355.0,161.4,265.3,14.1,164.6,5893.4,1271.6,1.03,3.23,2.86,1.0,3.0,-0.423
01a58331o0469o,332.648545,-27.2496295,17.0,0.05,19.54,o,22.235,58331.4962806,10061.7,1823.58,447.0,159.2,277.5,14.2,158.6,3037.8,1333.6,1.12,3.2,2.82,1.0,3.0,-0.429
01a58331o0472o,332.648545,-27.2496295,17.06,0.06,17.11,o,22.235,58331.4976632,10078.1,1705.23,383.0,160.9,242.9,14.2,159.5,3482.1,1052.9,1.09,3.32,2.95,1.0,3.0,-0.42
02a58333o0697c,332.648578667,-27.2496326667,16.61,0.03,35.45,c,22.272,58333.5629745,9507.18,9001.96,649.0,169.6,517.6,14.6,169.4,6805.4,915.1,1.24,2.81,2.64,1.0,3.0,-0.397
02a58333o0715c,332.648578667,-27.2496326667,16.63,0.03,35.25,c,22.265,58333.5712956,9490.51,8963.77,627.0,169.1,539.3,15.3,170.3,5742.8,1011.6,1.8,2.71,2.55,1.0,3.0,-0.4005
02a58333o0733c,332.648578667,-27.2496326667,16.63,0.03,33.04,c,22.252,58333.5796368,9544.94,9042.16,679.0,170.6,535.3,16.2,171.2,3657.8,1092.8,1.39,2.67,2.53,1.0,3.0,-0.419
02a58333o0751c,332.648578667,-27.2496326667,16.67,0.03,30.74,c,22.244,58333.5879733,9562.02,8925.79,589.0,168.0,461.1,15.0,169.2,4557.0,1100.7,1.6,2.82,2.68,1.0,3.0,-0.414
02a58337o0483c,332.648590227,-27.2496395455,16.67,0.02,58.86,c,22.296,58337.4580481,8746.6,9683.1,742.0,181.4,565.1,9.6,179.6,4994.1,421.4,2.17,2.55,2.55,1.0,3.0,-0.398
02a58337o0500c,332.648590227,-27.2496395455,16.64,0.02,59.43,c,22.298,58337.466006,1876.32,906.79,728.0,182.3,546.8,9.2,181.9,5754.3,457.0,1.76,2.73,2.56,1.0,3.0,-0.399
02a58337o0511c,332.648590227,-27.2496395455,None,None,None,c,22.286,58337.4712323,None,None,None,None,None,None,None,None,None,None,None,None,1.0,3.0,-0.387
02a58337o0516c,332.648590227,-27.2496395455,>17.89,0.0,3.0,c,22.285,58337.4735186,1283.68,6.46,-196.0,52.1,-219.9,84.6,-63.5,-63599.9,26286.0,0.03,2.71,2.5,1.0,3.0,-0.393
02a58337o0517c,332.648590227,-27.2496395455,16.63,0.02,51.55,c,22.225,58337.4739763,8758.58,9723.15,703.0,175.8,494.9,9.6,176.4,5169.6,565.4,1.82,2.79,2.55,1.0,3.0,-0.419
02a58337o0534c,332.648590227,-27.2496395455,16.55,0.02,61.77,c,22.299,58337.4819702,1891.25,792.68,774.0,181.7,537.4,8.7,177.1,4696.1,368.7,1.7,2.92,2.66,1.0,3.0,-0.378
02a58337o0545c,332.648590227,-27.2496395455,16.84,0.25,3.86,c,22.286,58337.487177,1212.64,44.73,655.0,166.9,448.3,116.2,178.8,11873.2,6099.5,0.02,2.65,2.65,1.0,3.0,-0.387
02a58341o0495c,332.648590179,-27.2496332143,16.94,0.02,49.2,c,22.303,58341.4606764,1951.1,9120.64,615.0,181.1,462.5,9.4,182.6,4368.2,416.0,1.36,2.57,2.42,1.0,3.0,-0.406
02a58341o0512c,332.648590179,-27.2496332143,16.92,0.02,48.92,c,22.305,58341.4688219,1928.05,9085.58,592.0,181.7,445.2,9.1,182.6,5024.0,550.3,1.67,2.67,2.48,1.0,3.0,-0.395
02a58341o0526c,332.648590179,-27.2496332143,16.96,0.02,48.13,c,22.307,58341.475416,8669.17,1503.4,509.0,182.1,375.4,7.8,183.1,4235.5,406.3,1.92,2.87,2.66,1.0,3.0,-0.381
02a58341o0548c,332.648590179,-27.2496332143,16.97,0.02,47.59,c,22.307,58341.4858278,8686.95,1386.03,511.0,182.2,395.0,8.3,183.0,4391.1,495.0,2.03,2.78,2.6,1.0,3.0,-0.392
01a58343o0181o,332.648590462,-27.2496290769,16.92,0.03,31.9,o,22.24,58343.4464546,8330.24,1346.57,404.0,178.3,226.5,7.1,177.9,3907.5,647.7,1.18,3.7,3.36,1.0,3.0,-0.381
01a58343o0216o,332.648590462,-27.2496290769,16.86,0.04,27.02,o,22.22,58343.4630863,8318.27,1311.92,317.0,167.0,151.3,5.6,169.2,5821.4,586.7,1.11,5.5,3.46,1.0,3.0,-0.405
01a58343o0236o,332.648590462,-27.2496290769,16.94,0.04,25.73,o,22.229,58343.4725618,2207.27,9194.75,303.0,172.2,126.1,4.9,172.2,150.2,614.4,1.03,4.95,4.6,1.0,3.0,-0.335
01a58343o0243o,332.648590462,-27.2496290769,16.78,0.03,36.78,o,22.232,58343.4761997,8398.47,1270.68,430.0,181.1,235.4,6.4,181.0,4935.2,564.9,1.2,3.84,3.5,1.0,3.0,-0.392
02a58345o0471c,332.648578904,-27.2496313699,17.15,0.17,6.01,c,20.122,58345.4483671,6450.86,9759.36,230.0,180.0,43.3,7.2,181.5,1347.8,549.2,1.14,2.87,2.62,1.0,3.0,-0.369
02a58345o0479c,332.648578904,-27.2496313699,17.33,0.19,5.38,c,20.154,58345.4520248,6435.15,9720.49,227.0,177.1,44.1,8.2,177.1,40.3,716.4,1.11,2.6,2.43,1.0,3.0,-0.409
02a58345o0498c,332.648578904,-27.2496313699,>16.23,0.0,3.0,c,21.006,58345.4610943,8616.14,52.08,314.0,169.4,101.3,133.0,178.4,8168.6,6461.8,0.01,2.56,2.4,1.0,3.0,-0.416
02a58345o0499c,332.648578904,-27.2496313699,17.29,0.08,12.85,c,20.902,58345.4615515,6486.18,9796.74,267.0,179.1,93.8,7.3,180.6,1337.4,505.6,0.94,2.55,2.39,1.0,3.0,-0.416
02a58345o0516c,332.648578904,-27.2496313699,None,None,None,c,20.486,58345.4695099,None,None,None,None,None,None,None,None,None,None,None,None,1.0,3.0,-0.405
02a58345o0530c,332.648578904,-27.2496313699,17.23,0.09,11.4,c,20.946,58345.476103,6514.74,9678.25,236.0,176.3,92.3,8.1,176.8,1233.8,542.6,1.05,2.74,2.54,1.0,3.0,-0.387
01a58347o0328o,332.64857878,-27.2496343902,16.95,0.03,35.46,o,22.239,58347.4294275,1516.11,2764.54,488.0,176.6,262.4,7.4,176.7,4310.4,565.2,1.35,3.4,2.99,1.0,3.0,-0.415
01a58347o0346o,332.64857878,-27.2496343902,17.23,0.04,30.12,o,22.238,58347.4379821,9098.46,7823.96,365.0,171.1,207.8,6.9,172.9,4244.6,541.4,1.75,3.3,2.99,1.0,3.0,-0.418
01a58347o0352o,332.64857878,-27.2496343902,17.01,0.03,34.59,o,22.238,58347.4409892,1550.28,2804.84,476.0,176.7,283.6,8.2,178.9,54.9,474.4,1.13,3.14,2.78,1.0,3.0,-0.427
01a58347o0374o,332.64857878,-27.2496343902,16.99,0.03,35.49,o,22.24,58347.4516023,1579.41,2689.44,476.0,175.7,280.4,7.9,175.7,3844.5,559.2,1.35,3.2,2.83,1.0,3.0,-0.423
01a58351o0456o,332.648576186,-27.2496474227,17.1,0.09,11.2,o,21.965,58351.4699569,3975.0,338.2,283.0,161.7,133.3,11.9,166.9,6843.9,1015.2,1.02,4.36,3.17,1.0,3.0,-0.395
01a58351o0464o,332.648576186,-27.2496474227,17.11,0.1,9.87,o,21.986,58351.4736818,2029.22,10118.8,296.0,168.7,105.6,10.7,170.1,3917.5,1336.8,1.2,5.05,3.48,1.0,3.0,-0.351
01a58351o0478o,332.648576186,-27.2496474227,17.07,0.09,11.54,o,21.917,58351.4801541,3991.32,376.48,298.0,107.8,136.2,11.8,111.3,4781.9,1114.0,0.81,4.21,3.18,1.0,3.0,-0.388
01a58351o0486o,332.648576186,-27.2496474227,17.3,0.11,9.58,o,21.97,58351.483892,2046.26,10155.8,298.0,161.4,104.4,10.9,161.1,2609.9,1266.5,1.15,4.25,3.43,1.0,3.0,-0.401
01a58351o0499o,332.648576186,-27.2496474227,17.09,0.07,14.29,o,21.978,58351.4899099,3918.49,299.09,400.0,163.8,151.5,10.6,164.7,4137.8,902.9,0.93,3.67,3.38,1.0,3.0,-0.395
01a58351o0507o,332.648576186,-27.2496474227,17.08,0.07,15.05,o,21.984,58351.4936146,1993.42,10076.9,291.0,165.2,161.0,10.7,163.4,2079.0,903.6,1.08,3.83,3.0,1.0,3.0,-0.425
01a58351o0534o,332.648576186,-27.2496474227,17.19,0.05,19.59,o,22.029,58351.5060976,3903.42,413.87,325.0,169.6,166.5,8.5,169.0,2968.7,741.8,1.18,3.41,3.08,1.0,3.0,-0.417
01a58351o0535o,332.648576186,-27.2496474227,17.13,0.05,19.61,o,22.07,58351.5065575,1976.26,10193.9,352.0,173.1,180.4,9.2,171.4,2799.4,760.9,1.01,3.49,3.08,1.0,3.0,-0.412
02a58361o0354o,332.648574352,-27.249647037,17.43,0.05,20.94,o,22.21,58361.4158492,7918.08,9209.95,406.0,174.8,324.5,15.5,172.8,2204.0,1078.0,1.01,2.35,2.16,1.0,3.0,-0.419
02a58361o0374o,332.648574352,-27.249647037,17.35,0.05,22.05,o,22.207,58361.4253431,7901.64,9169.89,435.0,176.9,319.7,14.5,176.0,1324.7,810.1,1.3,2.42,2.29,1.0,3.0,-0.433
02a58361o0383o,332.648574352,-27.249647037,17.31,0.05,22.08,o,22.209,58361.4294579,7970.99,9249.92,398.0,177.1,318.0,14.4,176.0,3667.7,859.8,0.95,2.52,2.33,1.0,3.0,-0.403
02a58361o0406o,332.6485757,-27.2496478,17.39,0.06,18.85,o,22.208,58361.4403531,7984.74,9129.3,390.0,178.6,267.7,14.2,178.7,3202.9,900.2,1.39,2.63,2.46,1.0,3.0,-0.415
01a58363o0349o,332.648574352,-27.249647037,17.73,0.08,13.44,o,22.09,58363.4151948,1551.66,8658.61,340.0,178.2,118.3,8.8,204.3,20047.2,736.7,2.53,3.23,2.91,1.0,3.0,-0.429
01a58363o0369o,332.648576429,-27.2496488393,17.51,0.07,15.31,o,22.087,58363.4247925,1568.44,8698.48,310.0,177.7,110.2,7.2,181.9,6904.3,772.0,1.66,3.74,3.43,1.0,3.0,-0.395
01a58363o0372o,332.648576429,-27.2496488393,17.43,0.06,17.55,o,22.086,58363.4261761,1515.33,8622.44,342.0,176.7,140.4,8.0,174.5,1302.7,680.3,1.26,3.43,3.08,1.0,3.0,-0.42
01a58363o0376o,332.648574352,-27.249647037,16.02,0.02,53.41,o,22.087,58363.42802,1499.65,8738.46,576.0,176.9,502.1,9.4,277.3,51519.6,807.3,177.09,3.48,3.14,1.0,3.0,-0.407
01a58367o0394o,332.648576429,-27.2496488393,17.61,0.05,23.03,o,22.24,58367.396781,8155.6,9094.14,311.0,181.2,165.8,7.2,181.5,2681.3,509.1,1.5,3.18,2.72,1.0,3.0,-0.42
01a58367o0413o,332.64857479,-27.2496464706,17.6,0.05,23.55,o,22.239,58367.4055302,8173.76,9132.27,328.0,178.7,179.0,7.6,180.0,2696.3,559.5,1.17,3.04,2.64,1.0,3.0,-0.432
01a58367o0419o,332.64857479,-27.2496464706,17.49,0.04,25.34,o,22.239,58367.4082964,8119.22,9053.89,398.0,180.5,187.5,7.4,180.5,2971.4,473.9,1.28,3.13,2.73,1.0,3.0,-0.426
01a58367o0443o,332.648577049,-27.2496440984,17.62,0.05,21.99,o,22.237,58367.4198526,8100.01,9170.68,317.0,181.6,149.5,6.8,182.1,2236.0,457.3,1.22,3.33,2.89,1.0,3.0,-0.412
02a58369o0388o,332.648578047,-27.249644375,17.38,0.04,28.27,o,22.218,58369.3922945,8945.53,2126.93,541.0,173.8,373.1,13.2,171.3,3148.2,734.5,1.56,2.24,2.08,1.0,3.0,-0.431
02a58369o0409o,332.648577538,-27.2496440769,17.42,0.04,27.3,o,22.213,58369.4018965,8927.37,2092.01,505.0,175.2,376.8,13.8,176.1,2716.8,731.9,1.2,2.18,2.02,1.0,3.0,-0.4425
02a58369o0441o,332.648578047,-27.249644375,17.37,0.04,26.54,o,22.216,58369.4168811,8976.63,2169.24,540.0,176.8,376.8,14.2,172.5,2286.8,758.8,1.24,2.23,2.09,1.0,3.0,-0.437
02a58369o0459o,332.648578047,-27.249644375,17.39,0.04,26.51,o,22.212,58369.4251107,9014.23,2052.53,575.0,176.1,392.3,14.8,176.9,3197.7,769.4,1.22,2.15,2.02,1.0,3.0,-0.444
01a58371o0391o,332.648580292,-27.249640219,17.49,0.05,22.21,o,22.243,58371.3929541,1709.65,8598.54,337.0,179.9,162.1,7.3,179.7,2104.6,648.5,1.22,3.36,2.96,1.0,3.0,-0.424
01a58371o0411o,332.648580292,-27.249640219,17.51,0.05,22.58,o,22.242,58371.4021687,1727.09,8636.13,311.0,176.5,155.8,6.9,177.1,2489.7,601.3,1.25,3.39,3.01,1.0,3.0,-0.422
01a58371o0414o,332.648580292,-27.249640219,17.49,0.05,21.68,o,22.243,58371.4035495,1674.12,8558.54,342.0,176.3,182.1,8.4,178.1,2821.3,623.2,0.94,3.16,2.78,1.0,3.0,-0.428
01a58371o0438o,332.648581367,-27.24964,17.48,0.05,21.0,o,22.241,58371.4150947,1654.72,8676.61,348.0,178.4,142.8,6.8,178.3,2174.8,688.5,1.08,3.7,3.14,1.0,3.0,-0.404
02a58377o0432o,332.648585714,-27.2496454658,17.65,0.05,21.96,o,22.203,58377.4098748,672.26,1259.83,406.0,179.0,245.9,11.2,181.3,2718.0,634.9,1.07,2.43,2.26,1.0,3.0,-0.422
02a58377o0454o,332.648585714,-27.2496454658,17.64,0.05,22.2,o,22.197,58377.4200288,656.53,1221.79,435.0,179.3,268.6,12.1,183.1,3094.4,711.4,1.71,2.31,2.16,1.0,3.0,-0.438
02a58377o0464o,332.6485838,-27.2496438,17.63,0.05,21.51,o,22.2,58377.4247058,10135.5,1246.14,438.0,174.9,288.3,13.4,179.5,2724.9,716.1,1.19,2.23,2.1,1.0,3.0,-0.443
02a58377o0475o,332.6485838,-27.2496438,17.6,0.05,21.64,o,22.191,58377.4297622,709.54,1302.01,426.0,180.1,294.3,13.6,180.7,2949.8,701.1,1.52,2.24,2.09,1.0,3.0,-0.446
02a58377o0486o,332.6485838,-27.2496438,17.57,0.04,24.3,o,22.198,58377.4348879,10119.0,1208.24,437.0,174.7,303.8,12.5,174.3,1952.6,692.4,1.67,2.23,2.1,1.0,3.0,-0.442
02a58377o0497o,332.648585714,-27.2496454658,17.65,0.05,20.96,o,22.188,58377.4399977,743.38,1186.44,482.0,178.6,274.6,13.1,180.2,1865.2,754.0,1.44,2.27,2.11,1.0,3.0,-0.442
02a58377o0507o,332.648585714,-27.2496454658,17.47,0.04,25.53,o,22.199,58377.4445808,10169.9,1286.35,436.0,176.1,303.8,11.9,177.4,3313.7,769.1,1.57,2.4,2.17,1.0,3.0,-0.418
02a58377o0529o,332.6485838,-27.2496438,17.6,0.05,19.96,o,22.193,58377.4548422,10190.4,1168.34,463.0,177.1,283.5,14.2,180.7,3425.0,792.4,1.38,2.29,2.12,1.0,3.0,-0.44
01a58379o0412o,332.648583333,-27.2496477381,18.05,0.12,8.68,o,22.231,58379.4004247,9450.87,10374.4,258.0,183.8,69.4,8.0,185.2,2785.5,1033.6,1.32,4.43,3.26,1.0,3.0,-0.37
01a58379o0434o,332.648583333,-27.2496477381,17.98,0.12,8.32,o,22.141,58379.4106446,9468.54,10413.5,266.0,180.5,83.2,10.0,182.4,2423.5,991.4,1.11,3.53,3.26,1.0,3.0,-0.397
01a58379o0436o,332.648583333,-27.2496477381,17.66,0.1,10.17,o,22.123,58379.4115648,1829.33,755.48,272.0,178.8,109.8,10.8,177.8,1392.0,956.4,0.82,3.59,3.22,1.0,3.0,-0.393
01a58379o0455o,332.64858407,-27.2496510465,18.02,0.13,7.99,o,22.098,58379.42042,9412.69,10333.8,243.0,185.3,85.5,10.7,188.9,4564.6,872.3,1.39,3.36,3.04,1.0,3.0,-0.41
01a58379o0458o,332.64858407,-27.2496510465,17.56,0.08,12.58,o,22.051,58379.4218074,1863.54,793.1,328.0,177.0,132.1,10.5,180.3,3180.7,831.7,0.93,3.27,2.96,1.0,3.0,-0.413
01a58379o0477o,332.648583333,-27.2496477381,18.13,0.18,5.57,o,21.951,58379.4307024,9397.95,10451.8,223.0,201.6,68.5,12.3,200.6,1054.4,972.5,1.21,3.33,2.99,1.0,3.0,-0.423
01a58379o0479o,332.648583333,-27.2496477381,17.84,0.13,7.75,o,21.825,58379.4316239,1792.02,716.05,269.0,181.3,77.5,10.0,183.3,1583.4,891.9,1.06,3.36,3.06,1.0,3.0,-0.416
01a58379o0501o,332.648583333,-27.2496477381,17.9,0.15,6.82,o,21.784,58379.4418765,1775.69,832.05,254.0,177.8,70.2,10.3,178.3,1132.0,973.1,0.8,3.38,3.07,1.0,3.0,-0.417
02a58381o0288o,332.648586667,-27.2496535593,18.15,0.16,6.37,o,22.175,58381.3911251,9694.08,8982.65,291.0,167.4,200.0,31.4,173.1,3167.1,1697.6,0.89,2.09,1.92,1.0,3.0,-0.476
02a58381o0309o,332.648586667,-27.2496535593,18.02,0.14,7.02,o,22.175,58381.4008175,9676.47,8944.41,389.0,170.3,229.5,32.7,167.2,756.7,1745.6,1.0,2.06,1.91,1.0,3.0,-0.477
02a58381o0330o,332.648586667,-27.2496535593,17.93,0.12,8.26,o,22.175,58381.4104827,9745.97,9022.72,383.0,174.3,249.4,30.2,181.3,4266.3,1712.4,1.66,2.07,1.91,1.0,3.0,-0.474
02a58381o0351o,332.648586667,-27.2496535593,18.02,0.14,7.22,o,22.176,58381.4201728,9762.89,8905.52,326.0,170.5,225.2,31.2,169.6,1525.5,1775.8,1.36,2.09,1.94,1.0,3.0,-0.469
01a58387o0378o,332.648589722,-27.2496487778,18.26,0.21,4.75,o,22.225,58387.4378017,10015.7,10244.8,316.0,172.2,82.7,17.4,176.6,3389.9,1670.6,1.0,3.22,2.91,1.0,3.0,-0.433
01a58387o0397o,332.648589722,-27.2496487778,18.92,0.38,2.39,o,22.217,58387.4468141,10031.7,10285.8,234.0,181.7,42.8,17.9,179.6,835.3,1318.5,0.99,3.29,2.97,1.0,3.0,-0.429
01a58387o0406o,332.648589722,-27.2496487778,18.41,0.24,4.01,o,22.2,58387.4509926,2427.58,598.47,248.0,171.0,65.7,16.4,171.0,1145.4,1257.8,1.08,3.34,3.04,1.0,3.0,-0.4215
01a58387o0410o,332.648589722,-27.2496487778,18.42,0.26,3.69,o,22.227,58387.4528658,535.16,10425.6,186.0,174.3,71.9,19.5,182.5,7003.3,1644.8,1.11,3.23,2.9,1.0,3.0,-0.426
01a58387o0416o,332.648589722,-27.2496487778,19.26,0.53,1.6,o,22.209,58387.455723,9975.55,10206.4,200.0,175.2,27.6,17.3,176.9,1585.0,1529.8,1.13,3.55,3.11,1.0,3.0,-0.429
01a58387o0426o,332.648589722,-27.2496487778,18.13,0.21,4.78,o,22.19,58387.4603895,2446.79,636.62,228.0,162.2,70.7,14.8,162.3,3577.4,1362.1,1.3,3.73,3.28,1.0,3.0,-0.411
01a58387o0430o,332.648589722,-27.2496487778,18.47,0.32,2.96,o,22.219,58387.462262,553.65,10462.6,293.0,169.9,56.6,19.1,168.2,-932.5,1806.1,0.93,3.61,3.17,1.0,3.0,-0.416
01a58387o0436o,332.648589722,-27.2496487778,>18.95,0.0,3.0,o,22.2,58387.4651855,9960.33,10325.0,198.0,180.4,1.6,17.8,187.0,1596.0,1412.5,1.1,3.6,3.12,1.0,3.0,-0.415
01a58387o0446o,332.648589722,-27.2496487778,18.37,0.27,3.61,o,22.184,58387.4698615,2392.17,558.61,319.0,161.4,60.6,16.8,162.9,1375.5,1457.8,0.97,3.55,3.19,1.0,3.0,-0.415
01a58387o0450o,332.648589722,-27.2496487778,18.54,0.35,2.64,o,22.216,58387.4717358,499.26,10385.2,272.0,174.1,54.9,20.8,170.7,-532.5,2079.4,0.89,3.52,3.11,1.0,3.0,-0.413
01a58387o0465o,332.648589722,-27.2496487778,18.19,0.27,3.59,o,22.172,58387.4787407,2359.61,676.9,156.0,163.0,58.1,16.2,157.8,-587.0,1580.8,1.1,3.93,3.58,1.0,3.0,-0.394
01a58387o0469o,332.648589722,-27.2496487778,18.73,0.67,1.18,o,22.205,58387.4806191,479.85,10503.1,290.0,158.7,43.1,36.5,190.9,23424.8,3026.6,0.54,3.58,3.21,1.0,3.0,-0.427
02a58389o0245o,332.648589722,-27.2496487778,18.2,0.54,1.53,o,21.647,58389.3568162,6930.06,8825.01,376.0,184.8,96.8,63.1,181.1,1146.0,3467.8,0.95,2.33,2.16,1.0,3.0,-0.438
02a58389o0260o,332.648589722,-27.2496487778,>16.46,0.0,3.0,o,20.923,58389.3637359,6913.48,8789.03,-424.0,-461.5,-54.0,119.2,-432.6,12939.7,6637.2,1.19,2.35,2.18,1.0,3.0,-0.443
02a58389o0275o,332.648589722,-27.2496487778,>15.0,0.0,3.0,o,19.768,58389.3706334,6965.29,8866.97,-295.0,-519.4,19.1,166.7,-501.1,12806.7,10272.1,1.43,2.26,2.14,1.0,3.0,-0.469
02a58389o0294o,332.648589722,-27.2496487778,>15.12,0.0,3.0,o,19.931,58389.3794286,7000.45,8751.98,421.0,317.5,94.5,176.5,303.7,2457.3,10130.3,0.97,2.26,2.1,1.0,3.0,-0.44
01a58391o0314o,332.648588333,-27.249649086,None,None,None,o,22.24,58391.3451352,None,None,None,None,None,None,None,None,None,None,None,None,1.0,3.0,-0.416
01a58391o0329o,332.648588333,-27.249649086,None,None,None,o,22.239,58391.3520586,None,None,None,None,None,None,None,None,None,None,None,None,1.0,3.0,-0.433
01a58391o0331o,332.648588333,-27.249649086,18.51,0.14,7.29,o,22.243,58391.3529808,1172.4,9717.33,241.0,179.2,73.6,10.1,178.8,1228.2,778.2,1.23,3.1,2.74,1.0,3.0,-0.434
01a58391o0342o,332.648588333,-27.249649086,None,None,None,o,22.238,58391.3580443,None,None,None,None,None,None,None,None,None,None,None,None,1.0,3.0,-0.419
01a58391o0352o,332.648588333,-27.249649086,None,None,None,o,22.24,58391.362645,None,None,None,None,None,None,None,None,None,None,None,None,1.0,3.0,-0.425
01a58391o0359o,332.648588333,-27.249649086,18.23,0.12,8.23,o,22.243,58391.3658676,1117.53,9679.13,272.0,180.9,85.6,10.4,182.7,2700.5,801.0,0.95,3.29,2.9,1.0,3.0,-0.415
01a58391o0365o,332.648588333,-27.249649086,18.25,0.12,8.26,o,22.243,58391.3686305,1187.26,9754.87,221.0,182.3,86.7,10.5,181.2,1444.7,745.4,1.34,3.22,2.87,1.0,3.0,-0.427
01a58391o0386o,332.648588333,-27.249649086,18.61,0.17,5.9,o,22.24,58391.3790747,1098.44,9798.43,240.0,181.5,57.2,9.7,184.8,3178.2,925.8,1.2,3.37,3.01,1.0,3.0,-0.411
02a58393o0324o,332.648586308,-27.2496453846,18.22,0.09,11.8,o,22.066,58393.3486514,9218.06,2495.57,347.0,178.5,147.5,12.5,176.3,1435.6,797.8,1.35,2.26,2.1,1.0,3.0,-0.433
02a58393o0351o,332.648586308,-27.2496453846,18.27,0.09,11.22,o,22.077,58393.360999,9252.17,2536.95,314.0,181.6,124.5,11.1,182.7,2071.0,718.8,1.37,2.45,2.22,1.0,3.0,-0.405
02a58393o0356o,332.648586308,-27.2496453846,18.39,0.1,10.57,o,22.102,58393.3632845,9200.97,2460.59,283.0,174.7,116.3,11.0,174.3,1227.0,637.8,1.03,2.43,2.21,1.0,3.0,-0.406
02a58393o0380o,332.648586308,-27.2496453846,18.51,0.1,10.19,o,22.213,58393.3749002,9271.87,2418.74,286.0,178.5,122.3,12.0,180.2,2594.8,662.3,1.04,2.32,2.17,1.0,3.0,-0.421
01a58395o0239o,332.648586293,-27.2496361463,18.35,0.11,9.47,o,22.147,58395.3347692,10453.0,8312.28,242.0,177.6,78.6,8.3,177.2,1431.6,775.8,1.2,3.1,2.72,1.0,3.0,-0.432
01a58395o0254o,332.648586293,-27.2496361463,18.63,0.15,6.9,o,22.14,58395.3416859,10470.6,8351.04,215.0,177.0,60.7,8.8,175.6,301.0,621.8,0.88,3.09,2.72,1.0,3.0,-0.431
01a58395o0263o,332.648586293,-27.2496361463,18.45,0.12,8.63,o,22.069,58395.345828,1006.36,8473.2,289.0,181.0,63.0,7.3,178.3,-428.2,555.6,1.48,3.23,2.8,1.0,3.0,-0.419
01a58395o0269o,332.648586293,-27.2496361463,18.78,0.16,6.32,o,22.079,58395.3485919,10397.5,8271.28,207.0,177.7,48.0,7.6,178.0,1140.2,578.1,1.04,3.14,2.79,1.0,3.0,-0.43
01a58395o0278o,332.648586293,-27.2496361463,18.3,0.11,9.39,o,22.102,58395.352735,1023.45,8511.03,212.0,180.7,74.2,7.9,180.2,1736.5,567.5,1.04,3.22,2.8,1.0,3.0,-0.421
01a58395o0284o,332.648586077,-27.2496285646,18.94,0.17,5.73,o,22.11,58395.3555026,10382.0,8387.17,205.0,178.8,44.1,7.7,179.6,768.2,596.6,1.14,3.09,2.74,1.0,3.0,-0.432
01a58395o0293o,332.648586293,-27.2496361463,18.21,0.09,11.19,o,22.095,58395.3596517,969.69,8434.52,270.0,179.5,75.0,6.7,177.9,985.6,512.1,1.24,3.36,2.91,1.0,3.0,-0.408
01a58395o0321o,332.648586293,-27.2496361463,18.32,0.11,9.66,o,22.087,58395.3725438,950.59,8551.34,312.0,182.1,76.3,7.9,182.3,1630.3,572.3,1.26,3.09,2.74,1.0,3.0,-0.429
02a58401o0288c,332.648584093,-27.249634,20.35,0.33,2.82,c,22.292,58401.329046,1417.18,572.03,204.0,182.4,17.5,6.2,183.4,372.9,382.7,1.42,2.76,2.59,1.0,3.0,-0.395
02a58401o0304c,332.648584093,-27.249634,19.9,0.25,3.79,c,22.277,58401.3364126,8859.34,10321.1,182.0,182.2,25.4,6.7,183.0,855.2,475.3,1.47,2.78,2.62,1.0,3.0,-0.403
02a58401o0305c,332.648584093,-27.249634,19.65,0.2,5.03,c,22.28,58401.3368693,1400.07,535.26,227.0,181.2,33.2,6.6,180.0,-182.8,512.1,1.25,2.74,2.58,1.0,3.0,-0.402
02a58401o0321c,332.648584093,-27.249634,19.71,0.22,4.37,c,22.286,58401.3442865,8841.36,10284.2,248.0,184.1,29.3,6.7,183.4,67.7,531.8,1.3,2.86,2.68,1.0,3.0,-0.387
02a58401o0322c,332.648584093,-27.249634,21.05,0.56,1.48,c,22.287,58401.3447442,1453.79,615.6,180.0,182.0,9.2,6.2,182.9,1299.6,412.1,1.36,2.73,2.56,1.0,3.0,-0.407
02a58401o0338c,332.648584093,-27.249634,19.55,0.2,4.86,c,22.275,58401.3521134,8913.18,10344.9,216.0,182.4,35.0,7.2,182.4,147.4,476.2,1.14,2.77,2.62,1.0,3.0,-0.401
02a58401o0339c,332.648584093,-27.249634,19.74,0.21,4.6,c,22.276,58401.3525711,1489.14,499.19,252.0,181.8,29.9,6.5,182.2,657.1,385.4,1.38,2.77,2.59,1.0,3.0,-0.398
02a58401o0355c,332.648584093,-27.249634,19.6,0.21,4.6,c,22.274,58401.3599208,8929.86,10227.1,200.0,182.2,32.2,7.0,183.6,1816.8,534.7,1.31,2.86,2.66,1.0,3.0,-0.395
01a58403o0331o,332.648584074,-27.249630787,19.19,0.24,4.08,o,22.229,58403.3597794,9064.53,8046.6,210.0,177.3,35.9,8.8,178.8,1819.8,772.7,1.06,3.2,2.86,1.0,3.0,-0.435
01a58403o0351o,332.648584074,-27.249630787,19.23,0.23,4.2,o,22.225,58403.369044,9080.4,8085.27,191.0,176.5,34.0,8.1,177.5,1474.5,674.4,1.21,3.21,2.91,1.0,3.0,-0.426
01a58403o0373o,332.648584074,-27.249630787,19.36,0.28,3.42,o,22.218,58403.3793014,9024.51,8006.76,192.0,180.3,26.0,7.6,180.4,632.7,698.4,1.05,3.53,3.04,1.0,3.0,-0.43
01a58403o0394o,332.648584074,-27.249630787,20.15,0.62,1.29,o,21.947,58403.3891139,8991.05,8123.58,205.0,181.7,10.7,8.3,183.7,780.3,731.1,1.23,3.4,2.89,1.0,3.0,-0.431
02a58405o0271c,332.648584074,-27.249630787,20.97,0.54,1.55,c,22.287,58405.3494644,2221.35,417.7,197.0,184.3,10.4,6.7,183.1,358.9,512.6,1.28,2.67,2.5,1.0,3.0,-0.408
02a58405o0292c,332.648584074,-27.249630787,20.41,0.32,2.93,c,22.282,58405.3591996,2204.65,378.49,195.0,181.8,17.6,6.0,178.3,-325.0,389.7,1.6,2.66,2.49,1.0,3.0,-0.4015
02a58405o0294c,332.648584074,-27.249630787,>20.67,0.0,3.0,c,22.275,58405.3601156,9717.23,10124.0,196.0,182.7,-3.0,6.5,182.6,-287.4,425.0,1.71,2.69,2.51,1.0,3.0,-0.406
02a58405o0313c,332.648584074,-27.249630787,20.65,0.45,1.97,c,22.273,58405.368978,2274.49,460.0,197.0,180.6,13.2,6.7,180.0,360.8,422.3,1.05,2.76,2.54,1.0,3.0,-0.398
02a58405o0316c,332.648584074,-27.249630787,21.05,0.56,1.49,c,22.27,58405.3703497,9699.16,10086.1,190.0,182.5,9.4,6.3,182.4,201.4,507.3,1.49,2.72,2.5,1.0,3.0,-0.395
02a58405o0334c,332.648584074,-27.249630787,>20.52,0.0,3.0,c,22.265,58405.3788085,2289.92,344.58,188.0,181.9,3.3,7.2,179.8,-707.4,458.8,1.01,2.76,2.52,1.0,3.0,-0.392
02a58405o0336c,332.648584074,-27.249630787,>20.69,0.0,3.0,c,22.253,58405.3797227,9752.4,10166.9,188.0,183.1,-19.8,6.6,184.1,248.4,446.8,1.69,2.6,2.45,1.0,3.0,-0.421
02a58405o0358c,332.648584074,-27.249630787,>20.28,0.0,3.0,c,21.965,58405.3899669,9768.07,10050.9,193.0,180.5,-0.4,7.3,183.9,1118.8,523.1,1.32,2.63,2.47,1.0,3.0,-0.42
02a58409o0303o,332.648584074,-27.249630787,>19.14,0.0,3.0,o,21.981,58409.330907,6189.44,9883.42,156.0,171.8,-22.0,29.3,175.2,841.2,1729.7,0.95,2.23,2.1,1.0,3.0,-0.445
02a58409o0311o,332.648584074,-27.249630787,>17.57,0.0,3.0,o,21.381,58409.3346942,8316.26,146.18,330.0,183.5,62.2,64.7,190.7,1367.2,3922.0,0.55,2.36,2.19,1.0,3.0,-0.442
02a58409o0325o,332.648584074,-27.249630787,17.71,0.54,1.55,o,21.092,58409.3411476,6174.68,9844.78,160.0,169.2,91.8,59.2,158.2,-282.8,3433.6,1.49,2.31,2.16,1.0,3.0,-0.447
02a58409o0333o,332.648584074,-27.249630787,>17.03,0.0,3.0,o,20.907,58409.3448943,8301.48,107.18,125.0,169.4,-58.8,77.0,184.5,18791.6,4837.9,0.85,2.24,2.07,1.0,3.0,-0.447
02a58409o0346o,332.648584074,-27.249630787,>16.31,0.0,3.0,o,20.488,58409.350888,6227.02,9924.13,157.0,287.8,1.0,98.9,285.4,11326.9,5632.2,1.32,2.25,2.1,1.0,3.0,-0.5025
02a58409o0354o,332.648584074,-27.249630787,>16.57,0.0,3.0,o,20.69,58409.3545693,8370.3,185.76,-71.0,35.4,-111.1,83.0,37.2,2312.1,6050.5,0.65,2.45,2.19,1.0,3.0,-0.424
02a58409o0368o,332.648584074,-27.249630787,>15.39,0.0,3.0,o,19.771,58409.3611633,6261.38,9808.74,-11.0,-102.3,10.9,93.6,-96.2,3182.5,5992.5,1.13,2.47,2.45,1.0,3.0,-0.362
02a58409o0376o,332.648584074,-27.249630787,>17.5,0.0,3.0,o,21.326,58409.3648328,8390.29,67.55,92.0,92.4,-71.3,73.6,122.3,18824.2,4169.8,0.76,2.25,2.04,1.0,3.0,-0.443
02a58413o0312o,332.648584074,-27.249630787,>19.25,0.0,3.0,o,22.185,58413.3425472,130.7,10195.5,238.0,193.6,4.9,28.6,216.2,13243.6,2014.1,0.95,2.37,2.2,1.0,3.0,-0.441
02a58413o0316o,332.648584074,-27.249630787,>19.36,0.0,3.0,o,22.205,58413.344449,2569.23,498.89,76.0,151.2,-50.3,26.2,153.1,1370.2,1652.3,1.09,2.37,2.21,1.0,3.0,-0.436
02a58413o0328o,332.648584074,-27.249630787,18.85,0.54,1.56,o,22.18,58413.3499857,96.83,10155.8,223.0,128.9,85.2,54.5,131.2,2025.8,2804.2,0.26,2.32,2.16,1.0,3.0,-0.448
02a58413o0332o,332.648584074,-27.249630787,19.71,0.55,1.5,o,22.204,58413.3518506,2552.13,459.92,184.0,150.3,37.9,25.2,156.5,3285.8,1483.3,1.14,2.42,2.2,1.0,3.0,-0.422
02a58413o0338o,332.648584074,-27.249630787,>19.39,0.0,3.0,o,22.189,58413.3546058,10067.5,10195.1,128.0,181.7,-67.0,23.5,197.5,7075.9,1430.5,0.94,2.52,2.23,1.0,3.0,-0.407
02a58413o0346o,332.648584074,-27.249630787,>19.33,0.0,3.0,o,22.175,58413.3583376,166.11,10236.0,174.0,180.0,-53.6,26.7,179.2,-2317.9,1751.6,1.04,2.36,2.18,1.0,3.0,-0.442
02a58413o0350o,332.648584074,-27.249630787,>19.34,0.0,3.0,o,22.194,58413.3601655,2622.27,540.34,169.0,159.5,-35.9,28.4,146.4,-7112.3,2145.1,0.8,2.29,2.14,1.0,3.0,-0.455
02a58413o0355o,332.648584074,-27.249630787,>19.32,0.0,3.0,o,22.18,58413.362483,10050.9,10157.9,131.0,191.3,-32.3,28.8,186.0,-1981.1,1752.1,0.97,2.28,2.12,1.0,3.0,-0.455
02a58413o0363o,332.648584074,-27.249630787,>19.27,0.0,3.0,o,22.171,58413.3662515,185.77,10117.7,167.0,185.6,-10.7,25.6,181.1,-456.2,1776.2,1.22,2.48,2.28,1.0,3.0,-0.437
02a58413o0367o,332.648584074,-27.249630787,>19.37,0.0,3.0,o,22.192,58413.3681057,2638.99,423.71,45.0,142.0,-105.8,27.5,135.3,-3860.6,1737.9,0.7,2.31,2.12,1.0,3.0,-0.445
02a58413o0373o,332.648584074,-27.249630787,>19.26,0.0,3.0,o,22.177,58413.3708516,10121.2,10237.2,277.0,186.8,17.3,27.6,189.8,2331.8,1964.3,1.29,2.39,2.23,1.0,3.0,-0.444
02a58413o0390o,332.648584074,-27.249630787,>19.27,0.0,3.0,o,22.176,58413.3793441,10136.4,10119.0,126.0,194.4,-20.5,27.6,194.7,1702.3,1926.2,1.15,2.38,2.22,1.0,3.0,-0.45
02a58417o0288o,332.648578558,-27.2496348077,>19.7,0.0,3.0,o,22.193,58417.3319992,9659.11,9429.85,101.0,166.6,-38.8,21.7,164.6,-681.7,1452.6,1.15,2.23,2.05,1.0,3.0,-0.432
02a58417o0308o,332.648578558,-27.2496348077,>19.61,0.0,3.0,o,22.185,58417.3417609,9643.83,9391.25,123.0,163.8,-58.4,20.7,170.1,3076.4,1282.9,1.24,2.36,2.19,1.0,3.0,-0.445
02a58417o0328o,332.648578558,-27.2496348077,>19.59,0.0,3.0,o,22.174,58417.3511515,9697.81,9469.93,141.0,173.0,-57.8,22.7,174.0,371.0,1463.7,0.73,2.26,2.11,1.0,3.0,-0.458
02a58417o0348o,332.648578558,-27.2496348077,>19.55,0.0,3.0,o,22.18,58417.3604036,9731.4,9352.43,71.0,172.7,-57.2,21.3,168.3,247.5,1344.5,0.95,2.39,2.22,1.0,3.0,-0.428
02a58425o0288c,332.648578558,-27.2496348077,>20.39,0.0,3.0,c,22.218,58425.3302496,6482.81,9161.09,174.0,181.7,-6.0,7.5,181.8,407.4,438.0,0.99,2.77,2.59,1.0,3.0,-0.399
02a58425o0307c,332.648578558,-27.2496348077,>20.34,0.0,3.0,c,22.207,58425.3390523,6449.23,9122.29,177.0,183.0,2.0,7.4,181.0,49.4,518.6,1.16,2.86,2.64,1.0,3.0,-0.391
01a58427o0223o,332.648578558,-27.2496348077,>20.07,0.0,3.0,o,22.205,58427.3140376,3557.95,1670.53,228.0,180.5,2.1,8.7,178.5,-718.4,652.4,0.97,3.04,2.7,1.0,3.0,-0.434
01a58427o0243o,332.648578558,-27.2496348077,20.03,0.47,1.86,o,22.198,58427.3233089,3573.83,1708.79,199.0,183.2,15.8,8.5,182.9,1389.1,730.3,1.17,3.23,2.9,1.0,3.0,-0.426
01a58427o0265o,332.648578558,-27.2496348077,>19.89,0.0,3.0,o,22.19,58427.33358,3520.09,1631.37,181.0,181.5,8.2,8.2,180.4,199.5,617.5,1.37,3.46,2.93,1.0,3.0,-0.424
01a58427o0286o,332.648578558,-27.2496348077,>19.89,0.0,3.0,o,22.184,58427.3434294,3486.78,1748.94,190.0,182.0,-18.6,8.8,182.2,-331.0,670.2,0.92,3.32,2.83,1.0,3.0,-0.431
02a58429o0292c,332.648578558,-27.2496348077,>20.48,0.0,3.0,c,22.248,58429.321435,9085.58,1993.82,202.0,182.8,-1.7,7.1,182.6,825.4,472.8,1.62,2.78,2.59,1.0,3.0,-0.3905
02a58429o0310c,332.648578558,-27.2496348077,>20.49,0.0,3.0,c,22.238,58429.3297741,9069.7,1955.13,184.0,183.6,-13.2,7.1,184.1,987.1,543.5,1.01,2.74,2.58,1.0,3.0,-0.4
02a58429o0329c,332.648578558,-27.2496348077,20.98,0.68,1.15,c,22.228,58429.3386134,9122.02,2032.76,212.0,183.1,8.6,7.5,180.2,-927.3,542.5,1.2,2.86,2.67,1.0,3.0,-0.392
02a58429o0349c,332.648578558,-27.2496348077,>20.43,0.0,3.0,c,22.215,58429.3479961,9139.87,1915.93,173.0,184.2,-6.8,7.3,181.9,196.2,608.4,1.05,2.75,2.58,1.0,3.0,-0.399
01a58431o0209o,332.648578558,-27.2496348077,>20.03,0.0,3.0,o,22.208,58431.2952096,9127.13,8074.35,157.0,181.0,-19.4,6.1,180.4,-816.1,501.3,1.14,3.69,3.31,1.0,3.0,-0.383
01a58431o0228o,332.648578558,-27.2496348077,>19.76,0.0,3.0,o,22.201,58431.3039994,9145.69,8149.0,187.0,183.9,-11.1,4.7,183.1,-468.6,618.0,1.17,4.69,4.29,1.0,3.0,-0.335
01a58431o0248o,332.648578558,-27.2496348077,>19.76,0.0,3.0,o,22.197,58431.3132786,9091.9,8107.29,149.0,178.7,-18.9,5.6,177.6,-808.5,624.9,1.15,4.35,3.86,1.0,3.0,-0.356
01a58431o0268o,332.648578558,-27.2496348077,>19.7,0.0,3.0,o,22.19,58431.3226014,9074.24,8259.28,152.0,175.3,-9.2,5.9,177.5,1914.1,721.3,0.99,4.33,3.87,1.0,3.0,-0.364
02a58433o0275c,332.648578558,-27.2496348077,>15.99,0.0,3.0,c,17.462,58433.3241267,9177.68,10124.5,193.0,180.8,-4.2,5.6,180.5,-513.4,393.2,0.99,2.7,2.56,1.0,3.0,-0.429
02a58433o0296c,332.648578558,-27.2496348077,>16.7,0.0,3.0,c,18.304,58433.3340183,9194.69,10007.9,171.0,180.8,-5.2,6.0,179.6,-494.2,443.4,1.49,2.78,2.63,1.0,3.0,-0.412
01a58435o0206o,332.648578558,-27.2496348077,>19.9,0.0,3.0,o,22.228,58435.2762627,2186.26,8496.56,202.0,180.7,-12.3,8.5,178.4,116.5,678.1,1.03,3.46,2.91,1.0,3.0,-0.421
01a58435o0226o,332.648578558,-27.2496348077,>19.91,0.0,3.0,o,22.225,58435.2854948,2205.78,8571.0,227.0,181.6,2.5,9.4,179.6,-4406.7,652.5,1.04,3.17,2.82,1.0,3.0,-0.42
01a58435o0245o,332.648578558,-27.2496348077,>19.92,0.0,3.0,o,22.22,58435.2942709,2135.74,8528.71,174.0,180.3,-4.9,9.0,181.0,601.5,864.6,1.48,3.22,2.86,1.0,3.0,-0.419
01a58435o0265o,332.648578558,-27.2496348077,>19.89,0.0,3.0,o,22.217,58435.3035232,2118.55,8681.44,219.0,179.9,-13.5,9.4,180.4,319.0,770.2,1.03,3.18,2.84,1.0,3.0,-0.422
02a58441o0219o,332.648578558,-27.2496348077,>16.14,0.0,3.0,o,21.568,58441.2826994,7236.75,10525.9,-214.0,1509.8,-1444.3,274.4,719.1,-658461.0,14961.1,3.71,2.42,2.23,1.0,3.0,-0.442
02a58441o0221o,332.648578558,-27.2496348077,>22.68,0.0,3.0,o,21.505,58441.2836138,9310.23,770.9,182.0,0.0,0.0,0.6,182.0,129038.0,250.9,0.0,2.51,2.26,1.0,3.0,-0.416
01a58443o0196o,332.648578558,-27.2496348077,>19.43,0.0,3.0,o,22.217,58443.2715126,9761.82,9807.41,200.0,181.5,-29.5,14.8,183.6,2457.8,1245.1,1.2,3.15,2.8,1.0,3.0,-0.424
01a58443o0207o,332.648578558,-27.2496348077,>19.45,0.0,3.0,o,22.208,58443.2766145,2243.53,144.03,205.0,179.8,5.0,14.1,177.4,-17.0,1059.8,1.1,3.18,2.84,1.0,3.0,-0.429
01a58443o0210o,332.648578558,-27.2496348077,>19.33,0.0,3.0,o,22.221,58443.2779931,291.08,9971.65,180.0,174.5,-16.2,15.5,175.7,1225.3,1427.0,0.92,3.22,2.86,1.0,3.0,-0.419
01a58443o0213o,332.648578558,-27.2496348077,>19.37,0.0,3.0,o,22.212,58443.2793834,9779.47,9876.79,171.0,182.4,-20.6,14.6,179.8,-1470.1,1081.8,1.17,3.22,2.91,1.0,3.0,-0.425
01a58443o0224o,332.648578558,-27.2496348077,>19.49,0.0,3.0,o,22.204,58443.2844544,2260.57,212.91,98.0,168.9,-29.6,14.7,169.1,506.5,1200.2,1.21,3.07,2.69,1.0,3.0,-0.435
01a58443o0227o,332.648578558,-27.2496348077,>19.38,0.0,3.0,o,22.219,58443.285842,307.16,10039.4,150.0,176.2,-25.7,16.6,175.4,666.8,1363.0,1.21,3.06,2.7,1.0,3.0,-0.438
01a58443o0231o,332.648578558,-27.2496348077,>19.38,0.0,3.0,o,22.209,58443.2877158,9704.82,9827.54,170.0,191.6,-13.4,16.8,189.8,269.7,1212.0,1.06,3.05,2.64,1.0,3.0,-0.443
01a58443o0242o,332.648578558,-27.2496348077,19.53,0.49,1.77,o,22.2,58443.2928047,2203.97,164.88,192.0,174.8,25.1,14.2,173.5,247.2,1332.5,1.21,3.26,2.88,1.0,3.0,-0.426
01a58443o0246o,332.648578558,-27.2496348077,>19.28,0.0,3.0,o,22.214,58443.2946472,252.21,9993.87,200.0,172.8,-37.9,16.3,170.5,-1561.2,1501.9,1.23,3.22,2.84,1.0,3.0,-0.418
01a58443o0250o,332.648578558,-27.2496348077,>19.34,0.0,3.0,o,22.202,58443.2964916,9685.44,9977.01,154.0,178.9,-22.3,14.3,184.6,2443.9,1281.6,1.41,3.31,2.96,1.0,3.0,-0.417
01a58443o0260o,332.648578558,-27.2496348077,>19.27,0.0,3.0,o,22.194,58443.3011676,2187.11,314.51,169.0,170.8,-4.5,14.5,169.6,-43.6,1444.1,1.01,3.45,2.95,1.0,3.0,-0.426
01a58443o0264o,332.648578558,-27.2496348077,>19.23,0.0,3.0,o,22.21,58443.303009,233.85,10144.1,121.0,170.6,3.6,17.1,168.6,-257.1,1548.8,1.16,3.18,2.85,1.0,3.0,-0.426
01a58447o0165o,332.648578558,-27.2496348077,>19.44,0.0,3.0,o,22.211,58447.2657781,9903.91,10041.7,167.0,180.7,-14.6,15.0,184.7,2047.7,1023.8,1.09,3.12,2.75,1.0,3.0,-0.425
01a58447o0183o,332.648578558,-27.2496348077,>19.35,0.0,3.0,o,22.207,58447.274082,9919.96,10113.2,155.0,178.5,6.7,15.9,178.6,1484.7,1349.1,1.09,3.14,2.78,1.0,3.0,-0.427
01a58447o0184o,332.648578558,-27.2496348077,>19.43,0.0,3.0,o,22.202,58447.2745419,2400.34,386.74,137.0,166.9,-5.2,14.0,166.6,635.2,1033.7,1.19,3.22,2.86,1.0,3.0,-0.42
01a58447o0189o,332.648578558,-27.2496348077,>19.34,0.0,3.0,o,22.215,58447.2768464,445.53,10213.4,233.0,182.5,-6.2,14.7,179.6,-788.7,1313.5,1.02,3.29,2.91,1.0,3.0,-0.412
01a58447o0199o,332.648578558,-27.2496348077,>19.28,0.0,3.0,o,22.201,58447.2814895,9863.65,10061.1,153.0,181.1,-46.6,14.5,181.8,1430.5,1282.4,1.08,3.39,2.99,1.0,3.0,-0.42
01a58447o0201o,332.648578558,-27.2496348077,>19.39,0.0,3.0,o,22.196,58447.2824181,2435.14,455.44,222.0,164.9,-9.1,13.0,164.8,1909.3,1069.7,1.47,3.38,3.02,1.0,3.0,-0.409
01a58447o0207o,332.648578558,-27.2496348077,>19.23,0.0,3.0,o,22.211,58447.2852004,462.15,10284.4,222.0,180.3,9.8,15.9,182.2,1993.9,1256.2,0.86,3.31,2.95,1.0,3.0,-0.413
01a58447o0217o,332.648578558,-27.2496348077,>19.27,0.0,3.0,o,22.193,58447.2898154,9846.34,10210.4,163.0,185.0,-57.4,14.2,187.3,-934.8,1236.9,1.13,3.47,3.01,1.0,3.0,-0.423
01a58447o0219o,332.648578558,-27.2496348077,>19.26,0.0,3.0,o,22.189,58447.2907398,2362.66,409.31,136.0,163.3,-4.0,14.2,162.1,433.6,1208.6,1.01,3.41,3.06,1.0,3.0,-0.413
01a58447o0224o,332.648578558,-27.2496348077,>19.31,0.0,3.0,o,22.205,58447.293053,407.81,10236.3,211.0,182.0,-25.3,15.7,185.6,245.6,1313.4,1.13,3.23,2.85,1.0,3.0,-0.424
01a58447o0237o,332.648578558,-27.2496348077,>19.35,0.0,3.0,o,22.181,58447.2991116,2343.2,556.4,189.0,163.4,9.8,14.5,163.2,703.2,1309.7,1.28,3.26,2.87,1.0,3.0,-0.432
01a58447o0244o,332.648578558,-27.2496348077,>19.14,0.0,3.0,o,22.197,58447.3023634,367.74,10389.7,135.0,178.5,-22.2,16.2,179.2,-788.4,1429.7,0.83,3.46,2.97,1.0,3.0,-0.423
02a58449o0176o,332.648578558,-27.2496348077,>20.29,0.0,3.0,o,22.113,58449.2572402,1532.97,111.66,216.0,181.7,3.4,11.0,177.2,-32.3,635.0,1.22,2.35,2.08,1.0,3.0,-0.421
02a58449o0194o,332.648578558,-27.2496348077,>20.08,0.0,3.0,o,22.087,58449.2656239,1517.66,71.36,233.0,180.7,-14.3,14.0,183.6,2325.7,775.7,1.43,2.24,2.02,1.0,3.0,-0.44
02a58449o0201o,332.648578558,-27.2496348077,19.85,0.32,2.92,o,22.073,58449.2688544,8973.32,9842.5,245.0,181.3,34.4,11.8,176.0,744.8,634.5,1.55,2.23,2.03,1.0,3.0,-0.439
02a58449o0211o,332.648578558,-27.2496348077,>20.2,0.0,3.0,o,22.074,58449.2734689,1571.43,151.77,186.0,182.0,-17.9,12.6,179.7,-1521.2,581.8,1.58,2.22,2.0,1.0,3.0,-0.442
02a58449o0220o,332.648578558,-27.2496348077,>20.24,0.0,3.0,o,22.091,58449.2776582,8957.64,9803.66,207.0,182.1,-4.6,12.0,178.1,-17.2,627.5,1.38,2.24,2.04,1.0,3.0,-0.438
02a58449o0230o,332.648578558,-27.2496348077,>19.88,0.0,3.0,o,22.043,58449.2822641,1588.7,34.41,196.0,181.3,-15.3,16.3,187.7,-39802.3,1115.8,2.68,2.23,2.01,1.0,3.0,-0.44
02a58449o0239o,332.648578558,-27.2496348077,20.49,0.58,1.41,o,22.008,58449.2864509,9010.57,9882.62,196.0,182.9,16.9,12.0,178.8,540.4,693.3,1.29,2.3,2.09,1.0,3.0,-0.444
02a58449o0258o,332.648578558,-27.2496348077,20.5,0.54,1.56,o,22.07,58449.295253,9027.21,9765.19,224.0,181.9,17.5,11.2,183.0,1007.4,635.2,1.25,2.31,2.1,1.0,3.0,-0.441
01a58451o0188o,332.648578558,-27.2496348077,>20.09,0.0,3.0,o,22.203,58451.2669658,2275.09,1405.03,181.0,189.8,-5.3,7.8,189.1,1152.7,627.2,1.08,3.18,2.81,1.0,3.0,-0.419
01a58451o0206o,332.648578558,-27.2496348077,>19.88,0.0,3.0,o,22.198,58451.2753041,2308.83,1474.58,213.0,179.1,3.6,7.1,177.7,109.7,742.9,1.14,3.62,3.28,1.0,3.0,-0.388
01a58451o0224o,332.648578558,-27.2496348077,>19.89,0.0,3.0,o,22.191,58451.2836543,2238.2,1427.46,217.0,189.4,7.9,8.0,186.0,-325.2,688.2,1.32,3.46,3.0,1.0,3.0,-0.407
01a58451o0243o,332.648578558,-27.2496348077,>19.95,0.0,3.0,o,22.182,58451.2924504,2218.73,1575.09,168.0,181.0,6.1,8.9,182.0,247.9,664.2,1.34,3.19,2.75,1.0,3.0,-0.431
02a58453o0142o,332.648578558,-27.2496348077,20.81,0.69,1.12,o,22.087,58453.2704781,10063.2,7447.16,204.0,183.1,14.0,12.5,181.3,-457.6,674.0,1.27,2.28,2.08,1.0,3.0,-0.42
02a58453o0143o,332.648578558,-27.2496348077,19.98,0.38,2.38,o,21.958,58453.2709356,317.5,7386.51,265.0,179.4,26.7,11.2,176.4,-176.4,754.4,1.77,2.28,2.06,1.0,3.0,-0.422
01a58455o0112o,332.648578558,-27.2496348077,>20.14,0.0,3.0,o,22.219,58455.2426848,2729.11,9737.09,217.0,182.1,-2.5,8.1,181.9,1518.6,565.7,1.33,3.09,2.7,1.0,3.0,-0.427
01a58455o0119o,332.648578558,-27.2496348077,None,None,None,o,22.204,58455.2459158,None,None,None,None,None,None,None,None,None,None,None,None,1.0,3.0,-0.419
01a58455o0128o,332.648578558,-27.2496348077,>20.17,0.0,3.0,o,22.212,58455.2500808,2746.52,9804.21,195.0,181.7,-4.7,7.6,180.7,295.6,526.4,1.38,3.12,2.76,1.0,3.0,-0.449
01a58455o0135o,332.648578558,-27.2496348077,>19.94,0.0,3.0,o,22.2,58455.2533274,4769.37,60.27,200.0,185.8,-2.9,9.9,187.2,2058.7,912.1,0.92,3.02,2.67,1.0,3.0,-0.437
01a58455o0144o,332.648578558,-27.2496348077,20.53,0.56,1.47,o,22.211,58455.2575025,2694.94,9754.18,197.0,183.5,11.2,7.6,184.6,1072.4,671.5,1.27,3.08,2.73,1.0,3.0,-0.431
01a58455o0152o,332.648578558,-27.2496348077,>16.58,0.0,3.0,o,22.193,58455.2612196,4698.31,11.64,-467.0,168.5,-260.9,217.6,-306.6,-233615.0,12228.4,0.01,3.04,2.67,1.0,3.0,-0.437
01a58455o0160o,332.648578558,-27.2496348077,>20.11,0.0,3.0,o,22.207,58455.2649471,2659.12,9899.79,209.0,177.5,-7.7,7.9,175.1,-755.6,751.0,0.93,3.14,2.77,1.0,3.0,-0.43
01a58455o0168o,332.648578558,-27.2496348077,>20.06,0.0,3.0,o,22.186,58455.2686361,4679.93,156.94,169.0,181.9,-5.8,8.1,179.2,-1135.0,641.6,1.04,3.14,2.79,1.0,3.0,-0.429
01a58459o0086o,332.648578558,-27.2496348077,>20.06,0.0,3.0,o,22.203,58459.2217273,9428.21,3846.84,196.0,182.2,-17.9,7.5,182.7,-385.3,579.0,0.99,3.28,2.93,1.0,3.0,-0.414
01a58459o0102o,332.648578558,-27.2496348077,>20.1,0.0,3.0,o,22.198,58459.2291349,9463.26,3914.36,179.0,181.5,-2.4,7.6,179.1,-1374.6,604.3,1.27,3.19,2.85,1.0,3.0,-0.422
01a58459o0118o,332.648578558,-27.2496348077,20.6,0.62,1.29,o,22.195,58459.2365019,9391.49,3864.06,224.0,185.4,10.3,8.0,183.3,43.1,614.1,1.16,3.1,2.73,1.0,3.0,-0.426
01a58459o0134o,332.648578558,-27.2496348077,>19.98,0.0,3.0,o,22.189,58459.2438953,9372.74,4007.59,214.0,183.9,-1.5,7.9,181.5,-206.0,664.9,1.24,3.28,2.94,1.0,3.0,-0.414
02a58461o0088c,332.648578558,-27.2496348077,>20.07,0.0,3.0,c,22.211,58461.2256365,1812.28,4774.16,161.0,181.7,-8.7,4.6,179.2,-1187.8,435.0,1.21,4.07,3.83,1.0,3.0,-0.348
02a58461o0105c,332.648578558,-27.2496348077,>20.11,0.0,3.0,c,22.205,58461.2335866,1797.46,4736.34,177.0,180.7,-11.5,5.3,181.3,-134.8,479.3,1.15,3.69,3.52,1.0,3.0,-0.368
02a58461o0122c,332.648578558,-27.2496348077,>20.08,0.0,3.0,c,22.193,58461.241523,1850.18,4814.5,183.0,181.0,-8.0,5.2,180.5,-104.1,535.1,1.18,3.77,3.58,1.0,3.0,-0.368
02a58461o0139c,332.648578558,-27.2496348077,>20.17,0.0,3.0,c,22.183,58461.2493667,1869.37,4698.37,159.0,180.9,-2.0,6.5,179.3,-522.5,496.5,1.07,3.21,3.05,1.0,3.0,-0.385
01a58463o0038o,332.648578558,-27.2496348077,>18.15,0.0,3.0,o,20.892,58463.2096273,9845.57,9679.89,177.0,191.9,-46.2,10.0,190.9,-689.5,1266.3,1.11,3.71,3.36,1.0,3.0,-0.399
01a58463o0055o,332.648578558,-27.2496348077,>17.51,0.0,3.0,o,20.579,58463.2174879,9863.33,9749.11,170.0,187.8,-38.2,14.0,189.0,-13.1,1267.4,1.07,3.66,3.29,1.0,3.0,-0.408
01a58463o0058o,332.648578558,-27.2496348077,>18.48,0.0,3.0,o,21.348,58463.2188691,535.61,9823.66,190.0,208.0,-41.1,8.8,208.4,-19.0,998.3,1.01,4.18,3.83,1.0,3.0,-0.377
01a58463o0066o,332.648578558,-27.2496348077,>15.24,0.0,3.0,o,21.525,58463.2225593,2467.45,40.81,153.0,163.3,-24.9,285.2,179.3,10155.3,18706.1,0.0,3.55,3.22,1.0,3.0,-0.385
01a58463o0072o,332.648578558,-27.2496348077,>19.55,0.0,3.0,o,22.046,58463.2253242,9809.81,9699.74,178.0,184.6,-4.8,8.2,191.0,4634.8,740.0,0.95,3.68,3.3,1.0,3.0,-0.393
01a58463o0075o,332.648578558,-27.2496348077,>19.66,0.0,3.0,o,22.11,58463.2267119,552.71,9892.72,147.0,177.7,-15.2,9.2,178.2,526.4,950.1,0.98,3.38,3.07,1.0,3.0,-0.403
01a58463o0083o,332.648578558,-27.2496348077,>19.76,0.0,3.0,o,22.041,58463.2304052,2484.12,110.44,172.0,179.6,-1.9,8.2,178.5,-165.9,675.4,1.19,3.33,2.98,1.0,3.0,-0.406
01a58463o0089o,332.648578558,-27.2496348077,>19.84,0.0,3.0,o,22.096,58463.2331669,9792.91,9847.01,192.0,187.4,-24.0,8.0,184.1,-725.1,685.9,1.24,3.41,2.93,1.0,3.0,-0.419
01a58463o0092o,332.648578558,-27.2496348077,>19.8,0.0,3.0,o,22.081,58463.2345572,499.14,9845.52,214.0,180.8,4.9,9.2,178.5,-453.8,715.2,1.13,3.15,2.82,1.0,3.0,-0.425
01a58463o0100o,332.648578558,-27.2496348077,>19.65,0.0,3.0,o,22.17,58463.2382562,2412.1,61.94,200.0,181.1,-27.8,9.5,180.1,-444.5,791.0,0.9,3.45,3.11,1.0,3.0,-0.401
01a58463o0109o,332.648578558,-27.2496348077,>19.91,0.0,3.0,o,22.174,58463.2423965,480.33,9993.4,173.0,183.1,-27.1,8.2,182.1,35.4,705.3,1.38,3.33,2.95,1.0,3.0,-0.414
01a58463o0117o,332.648578558,-27.2496348077,19.56,0.45,1.97,o,21.933,58463.2460857,2394.71,209.25,174.0,173.3,18.5,9.4,171.6,-98.4,747.8,1.0,3.32,2.97,1.0,3.0,-0.411
02a58465o0058o,332.648578558,-27.2496348077,>19.97,0.0,3.0,o,22.166,58465.2088082,8581.28,6722.74,183.0,175.5,10.6,15.7,168.6,1065.6,911.0,1.56,2.29,2.1,1.0,3.0,-0.433
02a58465o0076o,332.648578558,-27.2496348077,20.3,0.6,1.34,o,22.162,58465.2174813,8564.68,6684.83,210.0,174.5,22.3,16.6,169.2,-1171.4,988.9,0.9,2.35,2.15,1.0,3.0,-0.426
02a58465o0092o,332.648578558,-27.2496348077,>19.92,0.0,3.0,o,22.157,58465.2249709,8618.56,6763.28,169.0,174.2,-24.3,15.7,174.3,63.4,995.4,1.01,2.33,2.14,1.0,3.0,-0.429
02a58465o0109o,332.648578558,-27.2496348077,>19.85,0.0,3.0,o,22.151,58465.2328191,8655.84,6647.03,167.0,172.4,5.6,14.6,171.1,1262.9,920.6,1.2,2.47,2.3,1.0,3.0,-0.435
01a58467o0071o,332.648578558,-27.2496348077,>19.86,0.0,3.0,o,22.207,58467.2169105,3792.0,3940.02,233.0,171.5,-14.3,9.3,171.7,897.9,761.9,1.29,3.23,2.88,1.0,3.0,-0.415
01a58467o0088o,332.648578558,-27.2496348077,20.09,0.54,1.54,o,22.203,58467.2248386,3809.55,4007.51,227.0,175.2,14.0,9.1,170.2,-2010.0,898.8,1.24,3.37,3.03,1.0,3.0,-0.405
01a58467o0104o,332.648578558,-27.2496348077,>19.71,0.0,3.0,o,22.197,58467.2322332,3754.65,3956.84,145.0,171.4,-24.3,10.3,170.2,-1267.3,995.3,0.95,3.28,2.93,1.0,3.0,-0.4085
01a58467o0120o,332.648578558,-27.2496348077,>19.81,0.0,3.0,o,22.192,58467.2396401,3736.15,4099.15,158.0,174.4,-7.6,9.2,173.5,-822.0,831.3,1.19,3.31,2.94,1.0,3.0,-0.409
02a58469o0060o,332.648578558,-27.2496348077,None,None,None,o,22.128,58469.2119326,None,None,None,None,None,None,None,None,None,None,None,None,1.0,3.0,-0.411
02a58469o0064o,332.648578558,-27.2496348077,20.43,0.68,1.15,o,22.142,58469.213773,2554.5,900.26,211.0,183.8,17.7,15.4,181.9,832.2,930.1,1.11,2.51,2.23,1.0,3.0,-0.402
02a58469o0081o,332.648578558,-27.2496348077,None,None,None,o,22.118,58469.2217115,None,None,None,None,None,None,None,None,None,None,None,None,1.0,3.0,-0.409
02a58469o0085o,332.648578558,-27.2496348077,>19.87,0.0,3.0,o,22.135,58469.2235512,2538.24,859.9,183.0,182.8,-26.7,15.4,186.2,841.7,917.5,1.24,2.42,2.16,1.0,3.0,-0.415
02a58469o0106o,332.648578558,-27.2496348077,>19.77,0.0,3.0,o,22.127,58469.2332869,2592.13,940.08,209.0,184.1,11.3,16.2,182.0,590.7,940.4,0.87,2.48,2.19,1.0,3.0,-0.409
02a58469o0109o,332.648578558,-27.2496348077,None,None,None,o,22.12,58469.2346925,None,None,None,None,None,None,None,None,None,None,None,None,1.0,3.0,-0.407
02a58469o0120o,332.648578558,-27.2496348077,>15.55,0.0,3.0,o,22.096,58469.2397485,239.22,10518.4,112.0,121.7,-36.1,691.7,136.6,16451.0,33097.7,0.0,2.59,2.31,1.0,3.0,-0.402
02a58469o0124o,332.648578558,-27.2496348077,>19.63,0.0,3.0,o,22.117,58469.2415892,2610.81,823.12,170.0,183.9,13.1,15.9,187.5,3076.6,935.2,1.14,2.63,2.37,1.0,3.0,-0.404
02a58469o0144o,332.648578558,-27.2496348077,None,None,None,o,22.102,58469.250809,None,None,None,None,None,None,None,None,None,None,None,None,1.0,3.0,-0.403
01a58471o0021o,332.648578558,-27.2496348077,19.73,0.68,1.14,o,22.191,58471.2277124,6654.69,5886.16,231.0,182.6,18.6,16.3,185.4,2323.0,1331.3,1.14,3.41,3.11,1.0,3.0,-0.412
01a58471o0040o,332.648578558,-27.2496348077,>19.02,0.0,3.0,o,22.184,58471.2365327,6638.62,6030.88,271.0,182.7,-13.9,17.1,184.1,784.1,1280.7,1.16,3.44,3.12,1.0,3.0,-0.405
02a58473o0044o,332.648578558,-27.2496348077,>19.41,0.0,3.0,o,22.135,58473.2068129,3681.72,2863.98,220.0,197.1,1.7,20.7,197.0,1118.4,1511.5,1.03,2.54,2.35,1.0,3.0,-0.419
02a58473o0061o,332.648578558,-27.2496348077,>19.39,0.0,3.0,o,22.13,58473.2148243,3664.79,2825.06,178.0,193.6,13.6,18.2,192.2,771.1,1412.2,1.16,2.7,2.53,1.0,3.0,-0.408
02a58473o0080o,332.648578558,-27.2496348077,>19.23,0.0,3.0,o,22.121,58473.2237823,3717.95,2901.62,301.0,205.6,-16.1,17.7,202.6,-16.0,1338.3,1.19,2.92,2.77,1.0,3.0,-0.402
02a58473o0098o,332.648578558,-27.2496348077,>19.15,0.0,3.0,o,22.111,58473.2321015,3754.19,2785.63,156.0,205.2,-15.2,16.0,205.9,1328.0,1460.7,1.09,3.18,3.0,1.0,3.0,-0.398
01a58479o0005o,332.648578558,-27.2496348077,>19.36,0.0,3.0,o,22.182,58479.2030854,8293.76,2071.56,180.0,194.6,-19.3,11.4,197.4,2170.6,1289.2,1.45,3.6,3.29,1.0,3.0,-0.397
01a58479o0017o,332.648578558,-27.2496348077,>19.75,0.0,3.0,o,22.172,58479.2086701,8241.23,2012.23,179.0,183.5,-6.3,7.9,184.5,1522.3,723.2,1.35,3.63,3.26,1.0,3.0,-0.394
01a58479o0034o,332.648578558,-27.2496348077,>19.74,0.0,3.0,o,22.159,58479.2166266,8202.78,2156.06,197.0,181.1,-7.3,7.4,183.9,1810.7,715.2,1.15,3.71,3.39,1.0,3.0,-0.396
02a58485o0020c,332.648578558,-27.2496348077,>18.59,0.0,3.0,c,22.121,58485.2011957,4461.26,926.47,196.0,220.5,4.7,38.4,209.5,-2639.8,2604.1,1.03,2.68,2.52,1.0,3.0,-0.443
02a58485o0026c,332.648578558,-27.2496348077,>19.18,0.0,3.0,c,22.101,58485.2039829,4445.2,884.29,230.0,193.4,1.8,21.1,194.4,530.1,1631.3,0.91,2.74,2.55,1.0,3.0,-0.399
02a58485o0037c,332.648578558,-27.2496348077,>19.82,0.0,3.0,c,22.084,58485.2090956,4515.62,961.67,169.0,187.1,-21.0,11.6,190.2,1729.8,906.0,0.95,2.73,2.54,1.0,3.0,-0.391
02a58485o0053c,332.648578558,-27.2496348077,>20.05,0.0,3.0,c,22.061,58485.2167594,4532.65,841.72,190.0,181.1,-12.8,9.6,180.6,-479.3,610.2,1.34,2.69,2.46,1.0,3.0,-0.393
02a58609o0745c,332.648578558,-27.2496348077,>17.99,0.0,3.0,c,22.231,58609.6300715,9579.11,3837.83,251.0,275.7,-113.6,55.5,285.6,4559.3,5997.6,1.05,3.08,2.9,1.0,3.0,-0.421
01a58619o0766o,332.648578558,-27.2496348077,>19.62,0.0,3.0,o,22.174,58619.5928239,7332.2,9545.75,144.0,176.5,-28.9,10.4,176.3,96.7,981.5,1.22,3.41,2.97,1.0,3.0,-0.4
01a58619o0772o,332.648578558,-27.2496348077,>19.65,0.0,3.0,o,22.175,58619.5956079,7312.72,9506.86,180.0,181.5,-18.2,9.8,180.5,128.6,753.1,1.05,3.48,2.99,1.0,3.0,-0.397
01a58619o0784o,332.648578558,-27.2496348077,>19.85,0.0,3.0,o,22.18,58619.6012607,7375.16,9583.88,176.0,178.8,-17.4,8.3,178.8,1072.4,691.1,1.19,3.5,2.95,1.0,3.0,-0.395
01a58619o0795o,332.648578558,-27.2496348077,>19.67,0.0,3.0,o,22.184,58619.6064374,7394.79,9465.8,143.0,178.6,-10.8,6.9,177.2,-409.0,731.2,0.93,4.64,3.17,1.0,3.0,-0.374
02a58621o0752o,332.648578558,-27.2496348077,>19.45,0.0,3.0,o,22.138,58621.5865515,2761.62,4877.7,116.0,186.5,-75.5,25.2,184.4,-2080.7,1651.1,1.08,2.32,2.04,1.0,3.0,-0.429
02a58621o0758o,332.648578558,-27.2496348077,>19.27,0.0,3.0,o,22.137,58621.5895058,2780.72,4915.75,156.0,184.0,-53.6,21.3,178.5,1933.2,1529.7,0.92,2.72,2.42,1.0,3.0,-0.401
02a58621o0770o,332.648578558,-27.2496348077,>19.52,0.0,3.0,o,22.145,58621.5952128,2721.91,4838.0,112.0,185.1,-48.0,22.7,190.4,2713.6,1384.1,0.98,2.38,2.07,1.0,3.0,-0.411
02a58621o0782o,332.648578558,-27.2496348077,>19.58,0.0,3.0,o,22.149,58621.6010324,2702.48,4952.91,158.0,187.0,-1.0,22.2,178.3,-1531.0,1569.0,1.0,2.34,2.06,1.0,3.0,-0.416
01a58623o0704o,332.648578558,-27.2496348077,>18.89,0.0,3.0,o,22.147,58623.5619675,7321.51,9544.66,167.0,179.2,-16.9,17.2,178.3,-274.9,1533.9,1.0,3.52,3.31,1.0,3.0,-0.4
01a58623o0710o,332.648578558,-27.2496348077,>19.02,0.0,3.0,o,22.158,58623.5647996,7301.87,9505.67,144.0,184.8,-23.9,16.5,185.4,832.0,1550.9,1.11,3.45,3.17,1.0,3.0,-0.404
01a58623o0726o,332.648578558,-27.2496348077,>19.06,0.0,3.0,o,22.167,58623.5723301,7366.87,9583.44,132.0,187.0,-42.6,15.9,188.3,1409.0,1186.0,1.25,3.48,3.17,1.0,3.0,-0.405
01a58623o0747o,332.648578558,-27.2496348077,>19.08,0.0,3.0,o,22.17,58623.5821984,7388.15,9465.29,152.0,171.3,-24.3,14.6,174.1,1756.7,1369.7,1.16,3.56,3.31,1.0,3.0,-0.404
02a58625o0687o,332.648578558,-27.2496348077,>19.68,0.0,3.0,o,22.111,58625.5599389,2761.48,4881.49,154.0,192.1,-37.7,19.5,192.3,716.5,1091.0,1.21,2.36,2.04,1.0,3.0,-0.431
02a58625o0692o,332.648578558,-27.2496348077,>19.65,0.0,3.0,o,22.114,58625.5625832,2777.76,4918.76,193.0,192.6,-19.4,19.8,191.0,887.2,1454.3,1.29,2.39,2.05,1.0,3.0,-0.423
02a58625o0704o,332.648578558,-27.2496348077,>19.68,0.0,3.0,o,22.124,58625.5682728,2720.7,4840.86,172.0,188.9,-44.7,18.0,188.9,-180.3,1208.0,1.31,2.48,2.12,1.0,3.0,-0.422
02a58625o0726o,332.648578558,-27.2496348077,>19.76,0.0,3.0,o,22.137,58625.5787488,2701.07,4955.68,160.0,191.7,-58.7,18.0,192.9,485.3,1320.4,0.98,2.4,2.06,1.0,3.0,-0.422
01a58627o0724o,332.648578558,-27.2496348077,>19.43,0.0,3.0,o,22.182,58627.5718149,8914.78,3201.58,111.0,182.9,-18.7,12.3,184.4,39.5,1002.1,1.15,3.53,2.91,1.0,3.0,-0.402
01a58627o0731o,332.648578558,-27.2496348077,>19.37,0.0,3.0,o,22.185,58627.5750884,8896.08,3163.33,212.0,181.3,-8.4,12.5,181.4,1800.0,1048.3,0.86,3.6,2.98,1.0,3.0,-0.397
01a58627o0742o,332.648578558,-27.2496348077,>19.49,0.0,3.0,o,22.188,58627.5801801,8955.6,3239.18,188.0,181.2,-23.0,11.9,184.8,995.0,867.0,1.17,3.53,2.86,1.0,3.0,-0.405
01a58627o0785o,332.648578558,-27.2496348077,>19.53,0.0,3.0,o,22.205,58627.6003374,8975.76,3119.49,138.0,184.3,-27.8,11.3,185.1,200.7,949.4,1.32,3.54,2.93,1.0,3.0,-0.399
02a58633o0733c,332.648578558,-27.2496348077,>20.65,0.0,3.0,c,22.149,58633.5698094,5258.94,884.48,189.0,183.4,-13.1,6.6,182.4,555.2,471.2,1.28,2.57,2.35,1.0,3.0,-0.393
02a58633o0743c,332.648578558,-27.2496348077,>20.65,0.0,3.0,c,22.158,58633.5747132,5276.81,924.12,187.0,184.3,-3.3,6.7,182.7,-191.7,480.0,1.4,2.59,2.32,1.0,3.0,-0.392
02a58633o0749c,332.648578558,-27.2496348077,>20.75,0.0,3.0,c,22.157,58633.5774662,5217.09,845.24,182.0,183.9,-17.2,5.9,184.9,929.6,463.7,1.67,2.62,2.37,1.0,3.0,-0.392
02a58633o0776c,332.648578558,-27.2496348077,>20.42,0.0,3.0,c,22.03,58633.5902456,5198.05,961.53,170.0,182.2,-6.8,7.0,181.0,-754.9,482.0,1.09,2.67,2.36,1.0,3.0,-0.387
01a58635o0734o,332.648578558,-27.2496348077,>20.17,0.0,3.0,o,22.196,58635.573429,3372.81,9784.39,142.0,181.2,-31.0,7.5,178.9,-788.9,576.6,1.1,3.12,2.76,1.0,3.0,-0.421
01a58635o0740o,332.648578558,-27.2496348077,>20.21,0.0,3.0,o,22.198,58635.5762127,3353.49,9745.95,173.0,181.4,-28.9,7.4,180.3,-138.1,574.5,1.51,3.08,2.74,1.0,3.0,-0.423
01a58635o0761o,332.648578558,-27.2496348077,>20.21,0.0,3.0,o,22.203,58635.586225,3416.66,9824.5,191.0,181.6,-17.3,7.9,179.6,-940.8,579.2,0.86,2.94,2.71,1.0,3.0,-0.432
01a58635o0772o,332.648578558,-27.2496348077,>20.23,0.0,3.0,o,22.206,58635.5913349,3434.7,9707.66,123.0,180.1,-53.5,7.5,180.6,-162.5,602.1,1.45,2.98,2.77,1.0,3.0,-0.429
02a58637o0770c,332.648578558,-27.2496348077,>20.66,0.0,3.0,c,22.198,58637.5962482,4570.76,2831.04,175.0,181.8,-8.9,6.7,179.0,-424.5,409.3,0.91,2.61,2.35,1.0,3.0,-0.391
02a58637o0780c,332.648578558,-27.2496348077,>20.65,0.0,3.0,c,22.201,58637.6011521,4588.63,2870.89,171.0,181.8,-9.4,6.8,179.8,188.2,425.6,1.12,2.59,2.37,1.0,3.0,-0.391
02a58637o0786c,332.648578558,-27.2496348077,>20.71,0.0,3.0,c,22.203,58637.603942,4534.66,2790.58,182.0,180.9,-16.1,6.6,180.9,226.6,439.7,1.45,2.57,2.33,1.0,3.0,-0.4
02a58637o0800c,332.648578558,-27.2496348077,>20.28,0.0,3.0,c,22.207,58637.6107034,4507.85,2908.54,173.0,182.0,-12.0,9.0,179.2,-968.1,544.0,0.99,2.7,2.43,1.0,3.0,-0.381
02a58637o0824c,332.648578558,-27.2496348077,>18.4,0.0,3.0,c,22.255,58637.6223688,4545.1,2849.29,215.0,181.9,-31.9,56.5,174.2,15.3,3983.6,1.2,2.6,2.37,1.0,3.0,-0.408
01a58643o0704o,332.648581359,-27.2496375728,>20.24,0.0,3.0,o,22.211,58643.5879232,5877.51,5785.98,159.0,181.6,-22.1,6.5,180.5,-933.9,485.8,1.01,3.34,2.84,1.0,3.0,-0.41
01a58643o0710o,332.648581359,-27.2496375728,>20.29,0.0,3.0,o,22.211,58643.5906861,5858.11,5747.88,145.0,181.1,-20.7,6.0,179.8,-745.4,509.8,1.01,3.37,2.91,1.0,3.0,-0.406
01a58643o0730o,332.648581359,-27.2496375728,>20.3,0.0,3.0,o,22.215,58643.6002449,5918.41,5824.71,166.0,180.1,-8.9,6.0,177.5,-1266.0,442.3,1.1,3.33,2.91,1.0,3.0,-0.406
01a58643o0759o,332.648581359,-27.2496375728,>19.92,0.0,3.0,o,22.218,58643.6139991,5935.84,5710.24,176.0,181.3,-21.5,10.6,179.4,-897.5,733.7,0.91,2.9,2.7,1.0,3.0,-0.439
02a58645o0716o,332.648581359,-27.2496375728,>20.6,0.0,3.0,o,22.146,58645.5665128,2608.59,2940.46,167.0,182.5,-33.5,9.7,179.9,598.2,579.4,1.76,2.28,1.88,1.0,3.0,-0.42
02a58645o0722o,332.648581359,-27.2496375728,>20.52,0.0,3.0,o,22.148,58645.5692675,2627.95,2978.91,180.0,180.8,-24.4,10.3,175.9,-694.2,544.1,1.15,2.28,1.91,1.0,3.0,-0.423
02a58645o0734o,332.648581359,-27.2496375728,>20.59,0.0,3.0,o,22.151,58645.5747885,2569.71,2900.65,159.0,180.5,-9.4,10.7,176.3,-109.7,562.9,1.61,2.12,1.85,1.0,3.0,-0.439
02a58645o0754o,332.648581359,-27.2496375728,>20.51,0.0,3.0,o,22.156,58645.584405,2551.86,3017.0,193.0,179.5,-41.1,11.2,178.2,62.7,633.5,1.48,2.17,1.87,1.0,3.0,-0.434
01a58647o0581o,332.648581359,-27.2496375728,>20.22,0.0,3.0,o,22.204,58647.5539712,5874.08,5786.94,155.0,179.6,-22.7,6.5,179.9,664.9,499.1,1.41,3.24,2.96,1.0,3.0,-0.411
01a58647o0589o,332.648581359,-27.2496375728,>20.26,0.0,3.0,o,22.205,58647.5582273,5847.51,5746.18,156.0,179.2,-18.3,6.5,177.6,-882.0,641.3,1.38,3.17,2.9,1.0,3.0,-0.416
02a58649o0566o,332.648581359,-27.2496375728,>19.65,0.0,3.0,o,22.086,58649.4980837,2575.76,2909.47,191.0,184.6,-32.5,22.1,183.0,1028.8,1194.7,1.16,2.23,1.91,1.0,3.0,-0.424
02a58649o0594o,332.648581359,-27.2496375728,>19.79,0.0,3.0,o,22.103,58649.5111883,2557.02,3023.95,120.0,183.9,-27.6,21.1,175.6,-1301.6,1071.9,1.12,2.16,1.84,1.0,3.0,-0.421
01a58651o0508o,332.648581359,-27.2496375728,>18.38,0.0,3.0,o,22.186,58651.5003646,1982.09,5988.22,-60.0,170.7,-37.7,35.7,183.3,7401.4,3191.8,1.35,3.21,2.91,1.0,3.0,-0.422
01a58651o0514o,332.648581359,-27.2496375728,>18.3,0.0,3.0,o,22.189,58651.5031356,1963.47,5949.98,258.0,174.7,-20.1,33.2,173.6,1515.7,2778.5,0.93,3.37,3.2,1.0,3.0,-0.413
01a58651o0525o,332.648581359,-27.2496375728,>18.31,0.0,3.0,o,22.193,58651.50822,2025.5,6029.64,104.0,171.0,-37.5,31.2,173.0,934.2,2392.6,1.53,3.5,3.27,1.0,3.0,-0.404
01a58651o0549o,332.648581359,-27.2496375728,>18.59,0.0,3.0,o,22.201,58651.5193871,2043.76,5914.04,51.0,168.6,-24.1,30.1,174.6,3295.2,2751.8,1.16,3.19,2.91,1.0,3.0,-0.423
01a58659o0772o,332.648581359,-27.2496375728,>20.01,0.0,3.0,o,22.218,58659.6004642,6838.81,1413.03,175.0,178.7,-15.4,8.5,178.1,-508.2,695.7,0.99,3.16,2.85,1.0,3.0,-0.416
01a58659o0781o,332.648581359,-27.2496375728,>20.06,0.0,3.0,o,22.218,58659.6046086,6818.28,1374.92,182.0,181.9,-25.5,8.2,181.7,-13.7,596.1,0.98,3.16,2.82,1.0,3.0,-0.418
01a58659o0804o,332.648581359,-27.2496375728,>19.6,0.0,3.0,o,22.223,58659.6157173,3701.86,9129.71,130.0,192.2,-27.0,13.8,190.4,1727.6,1292.7,1.34,2.95,2.75,1.0,3.0,-0.437
01a58659o0815o,332.648581359,-27.2496375728,>18.64,0.0,3.0,o,22.232,58659.6211344,3684.31,9245.93,101.0,185.8,-24.8,32.0,192.6,8827.9,2735.1,0.75,3.02,2.84,1.0,3.0,-0.4425
01a58663o0690o,332.648581359,-27.2496375728,>19.87,0.0,3.0,o,21.819,58663.5995153,3745.43,9167.94,158.0,181.6,-13.0,6.3,179.3,-1060.8,465.1,0.89,3.29,2.91,1.0,3.0,-0.414
01a58663o0713o,332.648581359,-27.2496375728,>20.24,0.0,3.0,o,22.23,58663.610473,3762.45,9204.15,176.0,181.7,-35.8,6.4,182.8,797.6,505.4,1.08,3.31,2.96,1.0,3.0,-0.41
01a58663o0719o,332.648581359,-27.2496375728,>20.27,0.0,3.0,o,22.233,58663.613606,3705.35,9126.76,167.0,182.3,-22.8,6.7,182.4,425.4,544.6,1.6,3.17,2.86,1.0,3.0,-0.418
01a58663o0729o,332.648581359,-27.2496375728,>19.59,0.0,3.0,o,22.236,58663.6185703,3689.0,9243.42,154.0,184.6,-19.3,11.7,186.2,2056.8,1057.6,1.15,3.27,3.0,1.0,3.0,-0.415
02a58665o0547c,332.648581359,-27.2496375728,>20.79,0.0,3.0,c,22.242,58665.5835557,6628.59,4674.52,186.0,182.3,-12.7,5.9,181.5,456.9,375.8,1.3,2.75,2.35,1.0,3.0,-0.384
02a58665o0557c,332.648581359,-27.2496375728,>20.71,0.0,3.0,c,22.238,58665.5883612,3900.14,5835.54,173.0,182.3,-13.2,6.4,183.1,4.3,384.2,1.17,2.66,2.41,1.0,3.0,-0.397
02a58665o0571c,332.648581359,-27.2496375728,>20.71,0.0,3.0,c,22.238,58665.5951124,3961.91,5916.02,154.0,182.3,-10.2,6.4,177.4,-1235.7,398.2,1.34,2.67,2.38,1.0,3.0,-0.396
02a58665o0596c,332.648581359,-27.2496375728,>20.53,0.0,3.0,c,22.235,58665.6069708,3980.7,5802.79,194.0,181.1,-3.5,7.7,178.8,-1384.3,530.3,1.27,2.64,2.37,1.0,3.0,-0.397
01a58667o0664o,332.648581359,-27.2496375728,>20.19,0.0,3.0,o,22.221,58667.5521694,121.22,7576.66,146.0,178.9,-13.3,7.7,175.9,-1915.4,625.5,0.82,3.0,2.8,1.0,3.0,-0.421
01a58667o0665o,332.648581359,-27.2496375728,>20.3,0.0,3.0,o,22.221,58667.5526297,10172.2,7522.87,161.0,180.5,-20.1,6.6,179.6,194.7,491.4,0.98,3.1,2.88,1.0,3.0,-0.413
01a58667o0671o,332.648581359,-27.2496375728,>20.21,0.0,3.0,o,22.221,58667.5554196,102.12,7526.56,135.0,180.5,-34.4,7.2,177.4,-5789.7,598.1,1.31,3.08,2.87,1.0,3.0,-0.415
01a58667o0672o,332.648581359,-27.2496375728,>20.42,0.0,3.0,o,22.221,58667.5558817,10151.6,7472.75,182.0,182.1,-15.2,5.9,179.8,536.9,463.1,1.43,3.1,2.86,1.0,3.0,-0.414
01a58667o0683o,332.648581359,-27.2496375728,>20.2,0.0,3.0,o,22.222,58667.5610067,159.62,7585.4,185.0,179.4,-16.1,5.9,178.5,117.9,565.0,1.22,3.57,3.06,1.0,3.0,-0.39
01a58667o0684o,332.648581359,-27.2496375728,>20.24,0.0,3.0,o,22.222,58667.5614677,10208.6,7529.15,147.0,181.9,-26.3,6.4,181.2,-279.7,496.4,0.97,3.23,3.01,1.0,3.0,-0.408
01a58667o0703o,332.648581359,-27.2496375728,>20.41,0.0,3.0,o,22.223,58667.5704918,10428.5,2819.15,174.0,182.6,-19.9,6.3,184.4,914.3,523.7,1.12,3.01,2.81,1.0,3.0,-0.424
01a58667o0713o,332.648582019,-27.2496377885,>20.3,0.0,3.0,o,22.222,58667.5752702,10220.6,7358.59,146.0,181.1,-32.1,6.5,180.5,-561.2,482.0,1.04,3.13,2.88,1.0,3.0,-0.413
02a58669o0709c,332.648582019,-27.2496377885,>20.66,0.0,3.0,c,22.22,58669.5921353,9281.8,9451.72,166.0,182.2,-17.6,6.1,181.2,-187.2,426.2,1.29,2.77,2.49,1.0,3.0,-0.388
02a58669o0738c,332.648582019,-27.2496377885,>20.58,0.0,3.0,c,22.223,58669.6058162,9264.51,9419.2,185.0,181.9,-10.1,6.9,178.1,-1561.7,387.5,1.46,2.7,2.43,1.0,3.0,-0.392
02a58669o0746c,332.648582019,-27.2496377885,>20.6,0.0,3.0,c,22.223,58669.6095908,9325.05,9498.74,147.0,182.4,-27.4,6.7,180.2,-1257.0,437.9,1.02,2.72,2.45,1.0,3.0,-0.39
02a58669o0760c,332.648582019,-27.2496377885,>20.11,0.0,3.0,c,22.222,58669.6163215,9342.98,9377.79,198.0,171.0,-17.3,10.5,172.3,333.9,886.9,1.03,2.74,2.43,1.0,3.0,-0.385
02a58670o0697c,332.648582019,-27.2496377885,>20.73,0.0,3.0,c,22.227,58670.5779507,9285.93,9450.37,153.0,182.8,-21.3,6.3,181.8,246.2,405.2,1.42,2.67,2.37,1.0,3.0,-0.396
02a58670o0708c,332.648582019,-27.2496377885,>20.85,0.0,3.0,c,22.231,58670.5831842,1293.63,1139.95,149.0,182.7,-21.7,6.0,183.4,588.1,363.3,1.66,2.56,2.33,1.0,3.0,-0.394
02a58670o0714c,332.648582019,-27.2496377885,>20.69,0.0,3.0,c,22.228,58670.5860947,9325.09,9492.55,171.0,182.5,-10.1,6.4,180.3,-695.7,455.6,1.18,2.7,2.38,1.0,3.0,-0.393
02a58670o0755c,332.648582019,-27.2496377885,>20.61,0.0,3.0,c,22.225,58670.6056374,9345.8,9376.65,166.0,182.2,-17.8,6.9,179.5,-1271.0,439.7,1.19,2.67,2.4,1.0,3.0,-0.399
02a58671o0708c,332.648582019,-27.2496377885,>20.53,0.0,3.0,c,22.24,58671.5681631,9283.67,9451.36,185.0,182.7,-21.9,6.3,183.1,276.6,427.5,0.96,2.9,2.65,1.0,3.0,-0.379
02a58671o0716c,332.648582019,-27.2496377885,>20.61,0.0,3.0,c,22.24,58671.5722555,9262.84,9413.76,181.0,181.9,-9.5,5.7,180.8,-70.0,417.0,1.24,2.81,2.81,1.0,3.0,-0.378
02a58671o0727c,332.648582019,-27.2496377885,>20.69,0.0,3.0,c,22.241,58671.5775277,1231.93,1065.32,181.0,181.4,-18.6,6.0,179.5,-923.9,452.1,1.26,2.79,2.49,1.0,3.0,-0.379
02a58671o0756c,332.648582019,-27.2496377885,>20.55,0.0,3.0,c,22.24,58671.5917102,9341.75,9373.78,169.0,182.1,-10.6,5.6,182.3,276.4,433.1,1.47,3.12,2.71,1.0,3.0,-0.366
02a58674o0675o,332.648582019,-27.2496377885,>20.54,0.0,3.0,o,22.182,58674.5638213,9758.82,5547.87,172.0,179.6,-33.0,10.1,178.3,310.0,576.5,1.46,2.28,1.97,1.0,3.0,-0.434
02a58674o0683o,332.648582019,-27.2496377885,>20.62,0.0,3.0,o,22.185,58674.567674,821.68,5042.62,140.0,182.3,-44.8,9.9,179.0,164.1,562.0,1.34,2.24,1.9,1.0,3.0,-0.427
02a58674o0697o,332.648582019,-27.2496377885,>20.56,0.0,3.0,o,22.18,58674.5746308,9799.88,5590.54,161.0,181.3,-30.6,9.8,180.9,-84.5,556.8,1.07,2.3,1.98,1.0,3.0,-0.43
02a58674o0724o,332.648582019,-27.2496377885,>20.57,0.0,3.0,o,22.18,58674.5873691,9818.04,5474.25,183.0,180.9,-18.3,9.4,176.5,-587.4,482.7,1.03,2.33,2.01,1.0,3.0,-0.431
01a58675o0627o,332.648582019,-27.2496377885,>20.33,0.0,3.0,o,22.226,58675.5782801,2459.48,1838.02,139.0,182.6,-30.0,7.4,179.2,182.5,680.5,1.15,2.9,2.68,1.0,3.0,-0.4385
01a58675o0644o,332.648582019,-27.2496377885,>19.8,0.0,3.0,o,21.695,58675.5870003,2486.75,1875.97,157.0,186.3,-23.1,7.0,186.7,895.3,652.1,1.37,2.97,2.76,1.0,3.0,-0.433
01a58675o0662o,332.648582019,-27.2496377885,>19.62,0.0,3.0,o,21.387,58675.5963344,2426.89,1797.58,179.0,183.4,-25.5,5.9,183.1,54.9,488.3,1.15,3.04,2.83,1.0,3.0,-0.432
01a58675o0684o,332.648582019,-27.2496377885,>20.34,0.0,3.0,o,22.22,58675.6074558,2410.89,1913.29,166.0,181.9,-30.5,6.3,181.9,373.0,443.2,1.03,3.1,2.88,1.0,3.0,-0.425
01a58675o0701o,332.648582019,-27.2496377885,>19.98,0.0,3.0,o,22.197,58675.6164043,2451.45,1852.59,201.0,181.0,-14.5,8.8,180.8,-507.1,664.3,1.29,3.05,2.88,1.0,3.0,-0.427
01a58675o0711o,332.648582019,-27.2496377885,>19.42,0.0,3.0,o,22.217,58675.6218261,2325.1,1915.65,140.0,191.9,-36.6,16.0,189.8,101.3,1538.6,1.32,2.96,2.78,1.0,3.0,-0.438
01a58679o0341o,332.648582019,-27.2496377885,>18.73,0.0,3.0,o,22.161,58679.3911862,786.93,1213.37,87.0,181.6,-85.9,24.9,189.0,4061.4,1973.2,1.04,3.21,2.94,1.0,3.0,-0.426
01a58679o0348o,332.648582019,-27.2496377885,>18.73,0.0,3.0,o,22.167,58679.3944237,765.68,1174.33,129.0,177.0,9.6,26.2,174.3,535.0,2320.6,1.04,3.15,2.88,1.0,3.0,-0.431
01a58679o0363o,332.648582019,-27.2496377885,>18.81,0.0,3.0,o,22.177,58679.4013252,820.78,1253.79,98.0,172.6,-40.2,23.3,159.2,-3846.8,1991.8,2.33,3.18,3.01,1.0,3.0,-0.421
01a58679o0384o,332.648582019,-27.2496377885,>18.95,0.0,3.0,o,22.189,58679.4111485,839.09,1139.56,159.0,179.4,-34.3,21.6,178.9,-1018.9,1715.3,0.99,3.14,2.9,1.0,3.0,-0.427
02a58685o0407o,332.648582019,-27.2496377885,>19.67,0.0,3.0,o,22.187,58685.5675115,984.9,3124.79,153.0,171.9,-25.7,14.0,169.3,-237.0,1189.8,0.95,2.82,2.57,1.0,3.0,-0.402
02a58685o0413o,332.648582019,-27.2496377885,>19.67,0.0,3.0,o,22.185,58685.5702746,965.13,3085.77,207.0,173.9,-5.5,16.9,171.3,-457.3,1089.2,1.28,2.61,2.29,1.0,3.0,-0.407
02a58685o0428o,332.648582019,-27.2496377885,>19.73,0.0,3.0,o,22.182,58685.5772789,1023.11,3162.83,170.0,172.0,-28.5,16.6,170.0,-802.8,994.2,1.04,2.57,2.25,1.0,3.0,-0.41
02a58685o0446o,332.648582019,-27.2496377885,>19.58,0.0,3.0,o,22.18,58685.5857757,1043.04,3047.61,148.0,171.0,-38.5,16.7,170.0,-1795.1,1289.4,1.03,2.7,2.43,1.0,3.0,-0.406
01a58691o0600o,332.648586762,-27.2496332381,>20.44,0.0,3.0,o,22.245,58691.520536,5509.77,7087.46,156.0,181.5,-33.2,6.6,179.5,-781.7,469.7,1.45,2.95,2.7,1.0,3.0,-0.434
01a58691o0615o,332.648582019,-27.2496377885,>20.35,0.0,3.0,o,22.245,58691.5278174,5530.09,7125.53,190.0,181.7,-20.7,6.1,181.6,-18.7,529.4,1.17,3.25,2.88,1.0,3.0,-0.415
01a58691o0622o,332.648582019,-27.2496377885,>20.43,0.0,3.0,o,22.245,58691.5310405,5470.95,7047.98,164.0,182.2,-17.9,6.7,180.2,-699.9,446.6,1.16,2.94,2.71,1.0,3.0,-0.435
01a58691o0647o,332.648582019,-27.2496377885,>20.37,0.0,3.0,o,22.243,58691.543276,5453.73,7162.62,172.0,180.3,-25.2,6.6,177.9,-832.0,516.7,1.25,3.02,2.81,1.0,3.0,-0.428
02a58693o0494c,332.648586762,-27.2496332381,>20.75,0.0,3.0,c,22.235,58693.490054,9242.84,724.25,188.0,182.5,-17.4,6.6,182.5,66.7,468.5,1.11,2.57,2.32,1.0,3.0,-0.392
02a58693o0495c,332.648586762,-27.2496332381,>20.57,0.0,3.0,c,22.234,58693.4905113,9262.58,763.29,190.0,180.2,-5.7,7.8,181.9,-386.9,657.9,0.95,2.54,2.33,1.0,3.0,-0.395
02a58693o0496c,332.648586762,-27.2496332381,>20.6,0.0,3.0,c,22.234,58693.4909679,9203.08,684.0,187.0,181.8,-11.3,7.4,181.7,233.2,424.4,1.03,2.57,2.36,1.0,3.0,-0.395
02a58693o0499c,332.648586762,-27.2496332381,>20.73,0.0,3.0,c,22.235,58693.4926214,9181.63,801.93,180.0,182.7,-19.6,6.5,184.1,688.7,436.6,1.24,2.6,2.36,1.0,3.0,-0.389
01a58695o0543o,332.648586762,-27.2496332381,>20.35,0.0,3.0,o,22.244,58695.4989045,5069.15,3480.89,159.0,181.8,-30.2,5.2,181.2,-41.5,416.2,1.23,3.52,3.14,1.0,3.0,-0.396
01a58695o0550o,332.648586762,-27.2496332381,>20.39,0.0,3.0,o,22.243,58695.5021342,5049.17,3443.53,163.0,182.7,-24.6,5.4,181.8,-511.3,486.2,1.13,3.39,3.02,1.0,3.0,-0.404
01a58695o0578o,332.648586762,-27.2496332381,>20.24,0.0,3.0,o,22.243,58695.5152374,5472.12,7049.29,163.0,181.9,-28.1,4.8,180.7,-354.7,487.4,1.14,3.96,3.34,1.0,3.0,-0.376
01a58695o0594o,332.648586762,-27.2496332381,>20.21,0.0,3.0,o,22.244,58695.5229709,5456.67,7165.46,149.0,181.1,-38.6,5.8,179.4,-1311.1,487.2,0.95,3.61,3.1,1.0,3.0,-0.399
01a58699o0401o,332.648586762,-27.2496332381,>20.02,0.0,3.0,o,22.046,58699.577298,3609.3,7217.16,161.0,179.7,-24.5,5.4,177.5,-1190.4,519.8,1.04,3.57,3.35,1.0,3.0,-0.39
01a58699o0408o,332.648586762,-27.2496332381,>19.77,0.0,3.0,o,21.658,58699.580583,3628.63,7255.04,182.0,179.2,-16.5,4.5,178.5,-598.2,456.6,1.16,3.66,3.46,1.0,3.0,-0.396
01a58699o0421o,332.648586762,-27.2496332381,>20.2,0.0,3.0,o,22.191,58699.5866334,3569.59,7178.64,174.0,180.3,-25.2,6.5,179.3,-663.6,595.8,0.93,3.19,3.02,1.0,3.0,-0.417
01a58699o0443o,332.648586762,-27.2496332381,>20.35,0.0,3.0,o,22.185,58699.5968426,3551.58,7295.79,172.0,182.5,-11.2,5.6,181.0,289.5,435.2,1.44,3.21,3.01,1.0,3.0,-0.411
01a58699o0525o,332.648586762,-27.2496332381,>16.65,0.0,3.0,o,22.189,58699.6352832,3589.18,7239.44,-106.0,112.8,-26.6,149.5,125.7,6708.9,12523.5,1.02,3.4,3.22,1.0,3.0,-0.436
01a58703o0380o,332.648586762,-27.2496332381,>20.52,0.0,3.0,o,22.238,58703.5248196,3599.19,7218.97,166.0,181.7,-17.9,6.2,179.2,-597.4,423.3,1.65,2.93,2.69,1.0,3.0,-0.431
01a58703o0388o,332.648586762,-27.2496332381,>20.56,0.0,3.0,o,22.236,58703.5285135,3618.28,7258.37,150.0,182.0,-28.3,6.4,182.0,354.8,402.3,1.2,2.8,2.61,1.0,3.0,-0.444
01a58703o0401o,332.648586762,-27.2496332381,>20.54,0.0,3.0,o,22.233,58703.5344959,3559.12,7181.7,168.0,182.3,-31.6,6.2,181.7,250.9,487.0,1.04,2.87,2.68,1.0,3.0,-0.4355
01a58703o0423o,332.648586762,-27.2496332381,>20.5,0.0,3.0,o,22.233,58703.5446783,3544.69,7296.39,176.0,181.7,-38.4,5.6,181.7,-730.5,447.2,1.26,3.08,2.86,1.0,3.0,-0.42
02a58705o0382c,332.648586762,-27.2496332381,>18.27,0.0,3.0,c,21.686,58705.4076352,7511.09,8950.79,167.0,194.9,-19.4,38.8,190.1,1399.5,2516.9,1.33,2.61,2.3,1.0,3.0,-0.382
02a58705o0389c,332.648586762,-27.2496332381,>18.25,0.0,3.0,c,21.62,58705.4108579,7529.43,8989.06,226.0,146.2,-5.4,35.9,156.3,6370.2,2320.0,0.92,2.67,2.33,1.0,3.0,-0.374
02a58705o0401c,332.648586762,-27.2496332381,19.11,0.66,1.21,c,21.78,58705.4163643,7470.82,8909.78,236.0,177.6,37.9,31.4,182.1,4669.6,2149.2,0.78,2.78,2.38,1.0,3.0,-0.363
02a58705o0423c,332.648586762,-27.2496332381,>18.07,0.0,3.0,c,21.631,58705.4265305,7449.03,9028.93,74.0,151.5,-9.5,43.0,142.9,-4638.4,2878.8,0.98,2.67,2.31,1.0,3.0,-0.377
01a58707o0311o,332.648586762,-27.2496332381,>19.29,0.0,3.0,o,22.218,58707.3678139,8749.9,1261.44,85.0,173.9,-26.3,13.8,170.9,-2153.6,1274.8,1.0,3.38,3.17,1.0,3.0,-0.412
01a58707o0318o,332.648586762,-27.2496332381,>19.31,0.0,3.0,o,22.221,58707.3710407,8730.25,1222.48,180.0,174.5,-15.2,13.7,172.6,-283.7,1145.2,1.07,3.46,3.07,1.0,3.0,-0.405
01a58707o0331o,332.648586762,-27.2496332381,>19.31,0.0,3.0,o,22.223,58707.3770269,8790.63,1300.62,163.0,177.5,-16.7,13.1,173.2,-3021.4,1277.3,1.06,3.58,3.12,1.0,3.0,-0.401
01a58707o0355o,332.648586762,-27.2496332381,>19.41,0.0,3.0,o,22.232,58707.3882274,8811.18,1182.07,165.0,177.5,-27.8,13.2,181.1,1487.3,1193.3,1.02,3.39,3.01,1.0,3.0,-0.408
02a58713o0457o,332.648586762,-27.2496332381,>19.01,0.0,3.0,o,22.15,58713.4765579,2055.46,7901.24,74.0,181.3,-77.6,39.6,192.7,7362.2,2092.9,0.64,2.35,1.94,1.0,3.0,-0.426
01a58715o0514o,332.648586762,-27.2496332381,>19.48,0.0,3.0,o,22.241,58715.4712846,2756.17,4923.8,178.0,176.3,-11.6,8.3,175.7,-132.0,900.1,0.93,4.02,3.82,1.0,3.0,-0.369
01a58715o0521o,332.648586762,-27.2496332381,>19.71,0.0,3.0,o,22.241,58715.4745037,2776.41,4961.35,156.0,177.0,-32.8,9.4,175.5,117.2,846.1,0.96,3.46,3.15,1.0,3.0,-0.396
01a58715o0534o,332.648586762,-27.2496332381,>19.54,0.0,3.0,o,22.238,58715.4805336,2716.23,4886.04,153.0,175.7,-19.3,7.5,174.1,-594.5,822.5,1.12,4.33,3.71,1.0,3.0,-0.359
01a58715o0560o,332.648586762,-27.2496332381,>19.56,0.0,3.0,o,22.239,58715.4925564,2699.67,5000.69,157.0,178.0,-44.8,8.1,178.4,125.8,830.1,0.97,3.93,3.7,1.0,3.0,-0.363
02a58717o0448o,332.648581321,-27.2496379245,>20.32,0.0,3.0,o,22.172,58717.4326683,3161.37,3553.27,175.0,180.1,-30.0,10.5,178.1,-772.3,760.6,1.28,2.43,2.15,1.0,3.0,-0.418
02a58717o0452o,332.648581321,-27.2496379245,>20.48,0.0,3.0,o,22.171,58717.4347676,7427.31,7045.34,142.0,181.1,-64.3,10.6,179.3,280.5,641.6,1.61,2.27,1.97,1.0,3.0,-0.421
02a58717o0463o,332.648581321,-27.2496379245,>20.28,0.0,3.0,o,22.171,58717.4401347,3197.48,3589.44,126.0,182.1,-38.0,10.6,181.4,-9.1,692.0,0.91,2.32,2.32,1.0,3.0,-0.413
02a58717o0490o,332.648581321,-27.2496379245,>20.23,0.0,3.0,o,22.17,58717.4531535,3217.33,3474.49,152.0,181.5,-39.5,9.9,183.1,243.6,635.2,1.14,2.61,2.3,1.0,3.0,-0.406
01a58719o0293o,332.64858,-27.249635514,>20.26,0.0,3.0,o,22.3,58719.4722105,2772.94,4894.86,159.0,179.0,-34.6,12.7,176.2,-117.7,748.1,1.16,2.41,2.14,1.0,3.0,-0.417
01a58719o0300o,332.64858,-27.249635514,>20.22,0.0,3.0,o,22.296,58719.4754965,2792.64,4932.66,152.0,181.3,-62.2,12.7,180.6,-20.7,773.8,0.93,2.47,2.15,1.0,3.0,-0.413
01a58719o0313o,332.64858,-27.249635514,>20.24,0.0,3.0,o,22.296,58719.4816272,2734.19,4855.86,159.0,180.3,-40.0,13.1,175.4,-2091.5,859.2,0.86,2.35,2.15,1.0,3.0,-0.422
01a58719o0334o,332.64858,-27.249635514,>20.23,0.0,3.0,o,22.294,58719.491512,2716.29,4971.32,140.0,182.3,-62.0,12.8,180.9,1591.9,911.2,1.2,2.41,2.17,1.0,3.0,-0.415
02a58721o0419c,332.64858,-27.249635514,>20.72,0.0,3.0,c,22.218,58721.4216935,3162.24,3553.35,185.0,182.1,-26.4,5.3,182.4,708.7,385.4,1.57,2.95,2.54,1.0,3.0,-0.377
02a58721o0425c,332.64858,-27.249635514,>20.66,0.0,3.0,c,22.218,58721.4246331,7425.91,7045.47,180.0,182.5,-11.6,6.1,181.3,187.5,432.4,1.15,2.81,2.46,1.0,3.0,-0.38
02a58721o0441c,332.64858,-27.249635514,>20.8,0.0,3.0,c,22.218,58721.4322027,3205.56,3593.75,158.0,181.8,-37.4,5.4,181.8,-501.8,391.9,1.62,2.61,2.61,1.0,3.0,-0.388
02a58721o0463c,332.64858,-27.249635514,>20.73,0.0,3.0,c,22.215,58721.4430394,3224.56,3477.79,167.0,182.6,-26.8,5.5,183.3,564.1,368.8,1.72,2.81,2.55,1.0,3.0,-0.387
01a58723o0340o,332.648580741,-27.2496343519,>20.76,0.0,3.0,o,22.293,58723.4192152,5340.68,9668.95,98.0,180.8,-78.8,11.6,180.7,346.8,714.7,1.47,2.01,1.76,1.0,3.0,-0.438
01a58723o0351o,332.648580741,-27.2496343519,>20.83,0.0,3.0,o,22.294,58723.4246404,5255.04,928.44,200.0,181.5,-15.3,11.0,177.5,1326.4,445.0,1.56,1.97,1.77,1.0,3.0,-0.438
01a58723o0359o,332.648580741,-27.2496343519,>20.77,0.0,3.0,o,22.295,58723.4285585,5198.08,849.05,136.0,181.6,-28.8,10.6,178.3,-237.1,456.7,1.49,2.13,1.8,1.0,3.0,-0.419
01a58723o0379o,332.648580741,-27.2496343519,>20.79,0.0,3.0,o,22.294,58723.4384849,5179.06,966.12,134.0,181.7,-54.2,10.3,179.3,-112.5,468.0,1.2,2.11,1.84,1.0,3.0,-0.425
02a58725o0426c,332.648580741,-27.2496343519,>16.94,0.0,3.0,c,18.815,58725.4629074,7274.74,9576.41,181.0,180.5,-3.6,8.4,181.7,715.3,523.8,1.04,2.78,2.4,1.0,3.0,-0.376
02a58725o0433c,332.648580741,-27.2496343519,>17.46,0.0,3.0,c,19.082,58725.4661539,7254.32,9537.85,166.0,179.5,-9.5,7.0,179.4,201.5,469.2,0.85,2.73,2.34,1.0,3.0,-0.381
02a58725o0446c,332.648580741,-27.2496343519,>17.25,0.0,3.0,c,18.91,58725.4721724,7313.66,9616.31,125.0,148.8,-13.5,6.8,148.1,200.8,466.9,0.94,2.76,2.45,1.0,3.0,-0.381
02a58725o0472c,332.648580741,-27.2496343519,>17.85,0.0,3.0,c,19.611,58725.484188,7333.22,9499.04,135.0,131.9,4.8,7.2,133.6,541.4,587.6,1.18,2.84,2.48,1.0,3.0,-0.373
02a58729o0426c,332.648580741,-27.2496343519,>20.49,0.0,3.0,c,22.226,58729.4091688,7277.07,9573.29,170.0,181.8,0.6,7.4,179.4,-603.1,533.2,0.97,2.79,2.39,1.0,3.0,-0.386
02a58729o0432c,332.648580741,-27.2496343519,>20.64,0.0,3.0,c,22.226,58729.4121948,3295.49,1031.16,201.0,180.0,-18.8,7.0,177.5,-735.6,448.0,1.24,2.63,2.33,1.0,3.0,-0.383
02a58729o0461c,332.648580741,-27.2496343519,>20.6,0.0,3.0,c,22.223,58729.4259364,7316.72,9606.93,150.0,180.3,-28.3,6.8,179.5,-268.1,531.2,1.33,2.71,2.42,1.0,3.0,-0.392
02a58729o0485c,332.648580741,-27.2496343519,21.32,0.73,1.04,c,22.223,58729.4377199,7339.19,9490.67,201.0,180.4,7.2,6.9,178.6,-155.0,478.4,1.67,2.74,2.44,1.0,3.0,-0.388
01a58735o0213o,332.648580741,-27.2496343519,>18.23,0.0,3.0,o,21.618,58735.3293075,6019.06,7720.3,204.0,253.2,-22.6,32.1,262.6,6457.5,1919.6,0.94,2.86,2.47,1.0,3.0,-0.365
01a58735o0219o,332.648580741,-27.2496343519,>17.5,0.0,3.0,o,21.13,58735.3321034,5999.04,7681.58,115.0,123.0,-14.6,40.3,124.3,-624.5,3177.7,0.89,2.77,2.53,1.0,3.0,-0.375
01a58735o0234o,332.648580741,-27.2496343519,>17.17,0.0,3.0,o,21.099,58735.3390235,6059.06,7759.62,221.0,231.3,31.8,38.4,239.2,1726.7,3962.2,1.18,3.25,2.98,1.0,3.0,-0.335
01a58735o0259o,332.648580741,-27.2496343519,>16.32,0.0,3.0,o,20.138,58735.3505985,6077.01,7643.59,-10.0,162.4,-69.6,63.3,171.4,5508.0,4563.4,0.9,2.44,2.18,1.0,3.0,-0.419

