#expname,ra,dec,mag,dm,snr,filter,zp,mjd,x,y,peakval,skyval,peakfit,dpeak,skyfit,flux,dflux,chin,major,minor,snrdet,snrlimit,apfit
02a58280o0737c,325.887195,43.54955,>19.1,0.0,3.0,c,21.525,58280.5921094,10514.3,6874.25,163.0,175.0,-5.5,15.0,163.3,-5227.0,1223.7,1.2,2.57,2.41,1.0,3.0,-0.428
01a58282o0665o,325.887195,43.54955,19.91,0.36,2.56,o,22.308,58282.593138,10323.6,7308.23,177.0,169.4,20.5,8.0,159.1,-2686.6,643.1,1.74,3.12,2.8,1.0,3.0,-0.458
01a58282o0685o,325.887195,43.54955,20.73,0.66,1.21,o,22.305,58282.6038365,10343.1,7343.69,161.0,167.0,9.4,7.8,160.8,-1246.8,628.3,1.73,3.16,2.82,1.0,3.0,-0.456
01a58282o0706o,325.887195,43.54955,19.61,0.46,1.91,o,22.299,58282.6152549,10282.4,7267.85,189.0,165.4,27.5,14.4,159.3,-1042.8,1180.9,1.61,3.08,2.75,1.0,3.0,-0.453
01a58282o0712o,325.887195,43.54955,18.89,0.42,2.13,o,22.287,58282.618462,389.79,7531.89,216.0,151.2,53.3,25.0,147.9,7.7,1795.5,1.43,3.1,2.75,1.0,3.0,-0.43
02a58284o0750c,325.887195,43.54955,>20.72,0.0,3.0,c,22.349,58284.5976844,7297.23,4164.09,181.0,181.7,-6.8,6.8,180.2,272.3,582.8,1.3,2.66,2.47,1.0,3.0,-0.44
02a58284o0771c,325.887195,43.54955,>20.59,0.0,3.0,c,22.342,58284.6086818,7283.71,4129.76,165.0,180.4,-7.5,7.6,180.9,679.8,509.5,1.65,2.66,2.48,1.0,3.0,-0.437
02a58284o0792c,325.887195,43.54955,>19.12,0.0,3.0,c,22.34,58284.6194599,3140.15,6217.15,176.0,149.9,-20.8,25.7,152.2,-1123.9,1899.8,1.27,2.85,2.65,1.0,3.0,-0.423
01a58286o0661o,325.887195,43.54955,>20.72,0.0,3.0,o,22.255,58286.5744151,2216.28,10496.3,149.0,166.2,-982.1,4.6,88.8,-15689.0,759.3,117.66,3.17,2.83,1.0,3.0,-0.444
01a58286o0681o,325.887195,43.54955,>20.19,0.0,3.0,o,22.268,58286.5851005,2203.93,10456.7,140.0,165.2,3.9,6.9,163.5,-9736.0,593.0,1.47,3.36,2.93,1.0,3.0,-0.439
01a58286o0684o,325.887195,43.54955,>20.26,0.0,3.0,o,22.279,58286.5868121,7258.65,702.04,177.0,178.0,-4.8,6.5,179.8,949.0,574.8,1.8,3.32,2.98,1.0,3.0,-0.435
01a58286o0702o,325.887195,43.54955,17.3,0.61,1.34,o,22.259,58286.5965372,2256.21,10534.2,209.0,149.5,194.0,144.8,-191.1,-184417.0,9989.9,1.04,3.37,2.95,1.0,3.0,-0.43
01a58286o0705o,325.887195,43.54955,>20.25,0.0,3.0,o,22.266,58286.5982547,7239.67,661.75,161.0,179.6,-6.1,6.6,179.9,550.2,532.8,1.87,3.31,2.92,1.0,3.0,-0.439
01a58286o0723o,325.887195,43.54955,>20.18,0.0,3.0,o,22.258,58286.6079812,8241.03,116.93,147.0,168.8,4.9,7.9,164.8,-1540.2,770.1,1.6,3.13,2.74,1.0,3.0,-0.447
01a58286o0726o,325.887195,43.54955,19.79,0.35,2.65,o,22.261,58286.6095261,7292.27,739.44,183.0,179.7,21.2,8.0,174.6,-1337.7,639.1,1.46,3.22,2.82,1.0,3.0,-0.441
01a58286o0747o,325.887195,43.54955,>19.15,0.0,3.0,o,22.267,58286.6197757,3277.31,9947.96,193.0,175.3,-23.9,20.2,172.0,286.3,1680.9,1.08,3.15,2.78,1.0,3.0,-0.437
01a58290o0672o,325.887195,43.54955,None,None,None,o,22.285,58290.5576346,None,None,None,None,None,None,None,None,None,None,None,None,1.0,3.0,-0.422
01a58290o0691o,325.887195,43.54955,20.21,0.44,1.98,o,22.291,58290.5680994,7617.56,820.65,160.0,181.6,11.7,5.9,179.6,-190.5,481.7,1.95,3.59,3.29,1.0,3.0,-0.416
01a58290o0692o,325.887195,43.54955,None,None,None,o,22.285,58290.5685603,None,None,None,None,None,None,None,None,None,None,None,None,1.0,3.0,-0.416
01a58290o0711o,325.887195,43.54955,>20.09,0.0,3.0,o,22.292,58290.5791647,7585.73,777.83,192.0,178.0,4.1,6.3,181.4,1618.2,568.2,1.29,3.65,3.29,1.0,3.0,-0.415
01a58290o0732o,325.887195,43.54955,>20.13,0.0,3.0,o,22.294,58290.5908178,7655.3,858.05,163.0,181.6,-4.8,6.3,178.3,-900.8,544.5,1.83,3.59,3.25,1.0,3.0,-0.414
01a58290o0733o,325.887195,43.54955,>16.74,0.0,3.0,o,22.281,58290.5912776,2598.57,10521.9,148.0,157.6,6.7,134.3,183.8,13235.6,9304.7,0.02,3.66,3.34,1.0,3.0,-0.402
01a58290o0753o,325.887195,43.54955,20.45,0.56,1.49,o,22.291,58290.6005818,7664.83,741.39,205.0,181.4,8.5,5.7,182.1,576.1,536.3,2.27,3.83,3.46,1.0,3.0,-0.398
02a58292o0701o,325.887195,43.54955,19.93,0.3,3.14,o,22.283,58292.5705356,1201.27,7653.69,205.0,181.0,34.8,11.1,186.1,3089.8,616.0,2.13,2.3,2.13,1.0,3.0,-0.473
02a58292o0722o,325.887195,43.54955,>20.46,0.0,3.0,o,22.284,58292.581557,1216.44,7692.79,154.0,182.0,-22.8,10.7,184.8,-601.8,627.0,2.06,2.32,2.16,1.0,3.0,-0.478
02a58292o0743o,325.887195,43.54955,>20.48,0.0,3.0,o,22.283,58292.5924699,1158.99,7611.59,197.0,182.3,7.5,10.2,184.7,2354.3,581.7,2.34,2.36,2.19,1.0,3.0,-0.473
02a58292o0764o,325.887195,43.54955,19.69,0.26,3.69,o,22.284,58292.6043239,1144.08,7727.33,203.0,180.4,45.0,12.2,181.5,1574.6,786.1,1.64,2.17,2.17,1.0,3.0,-0.482
01a58294o0619o,325.887195,43.54955,>19.89,0.0,3.0,o,22.289,58294.5294275,8341.72,1486.56,176.0,179.5,1.8,9.8,180.5,-21.5,807.2,1.4,3.26,2.84,1.0,3.0,-0.434
01a58294o0640o,325.887195,43.54955,>19.94,0.0,3.0,o,22.292,58294.5407577,8322.31,1441.93,139.0,178.0,-15.8,10.3,172.2,-928.2,889.6,1.31,3.09,2.73,1.0,3.0,-0.4465
01a58294o0661o,325.887195,43.54955,20.17,0.54,1.54,o,22.292,58294.5520996,8376.3,1521.84,217.0,177.6,15.4,10.0,173.8,-501.7,831.9,1.3,3.21,2.83,1.0,3.0,-0.44
01a58294o0682o,325.887195,43.54955,>19.99,0.0,3.0,o,22.295,58294.5627544,8400.58,1401.31,222.0,179.9,-12.8,9.8,179.3,-754.8,743.7,1.34,3.11,2.75,1.0,3.0,-0.443
01a58297o0615o,325.887195,43.54955,>15.19,0.0,3.0,o,22.273,58297.5485513,3696.53,10515.5,182.0,110.8,90.3,463.5,118.4,-17586.3,34841.0,0.0,4.01,3.65,1.0,3.0,-0.385
01a58297o0626o,325.887195,43.54955,19.82,0.59,1.39,o,22.279,58297.5542415,3680.26,10475.4,149.0,157.8,17.7,12.7,160.1,1756.2,1210.0,1.2,3.51,3.12,1.0,3.0,-0.413
01a58297o0645o,325.887195,43.54955,None,None,None,o,22.279,58297.5648843,None,None,None,None,None,None,None,None,None,None,None,None,1.0,3.0,-0.414
01a58297o0664o,325.887195,43.54955,>19.57,0.0,3.0,o,22.283,58297.5754248,3740.91,10435.6,131.0,166.6,12.1,12.7,159.8,-1326.9,1266.4,1.24,3.29,2.9,1.0,3.0,-0.425
01a58298o0568o,325.887195,43.54955,>19.55,0.0,3.0,o,22.279,58298.5078254,1929.19,10280.9,169.0,154.1,-23.8,13.3,151.9,-1433.9,1218.9,1.28,3.26,2.85,1.0,3.0,-0.431
01a58298o0580o,325.887195,43.54955,19.27,0.33,2.81,o,22.284,58298.5133931,6949.63,476.37,222.0,173.4,37.6,13.4,171.1,1517.3,920.2,1.2,3.1,2.73,1.0,3.0,-0.441
01a58298o0585o,325.887195,43.54955,>19.64,0.0,3.0,o,22.283,58298.5157212,1914.26,10241.9,155.0,157.8,-8.5,13.8,156.7,692.8,1089.8,1.23,3.07,2.69,1.0,3.0,-0.448
01a58298o0597o,325.887195,43.54955,>19.76,0.0,3.0,o,22.285,58298.5212783,6932.09,435.66,188.0,168.3,-10.9,12.3,167.4,-280.0,1113.8,1.35,3.08,2.7,1.0,3.0,-0.446
01a58298o0602o,325.887195,43.54955,>19.68,0.0,3.0,o,22.283,58298.5235803,1970.36,10318.8,159.0,157.3,-17.9,13.3,158.9,-86.0,1217.6,1.51,3.07,2.69,1.0,3.0,-0.447
01a58298o0614o,325.887195,43.54955,>19.7,0.0,3.0,o,22.283,58298.5291569,6987.5,513.86,159.0,170.7,-11.8,11.5,167.6,-1218.3,988.5,1.71,3.27,2.86,1.0,3.0,-0.43
01a58298o0619o,325.887195,43.54955,>19.7,0.0,3.0,o,22.285,58298.5314597,1982.73,10200.9,155.0,160.2,-8.4,13.3,156.9,-659.4,946.9,1.33,3.05,2.66,1.0,3.0,-0.447
01a58298o0631o,325.887195,43.54955,>19.68,0.0,3.0,o,22.287,58298.5370144,7011.6,396.78,152.0,166.9,-2.2,12.5,165.9,-773.4,1133.4,1.37,3.17,2.78,1.0,3.0,-0.438
02a58300o0648o,325.887195,43.54955,>20.18,0.0,3.0,o,22.289,58300.5428546,699.96,1977.24,158.0,181.1,3.8,15.4,177.6,590.0,809.6,1.74,2.22,2.04,1.0,3.0,-0.488
02a58300o0667o,325.887195,43.54955,>20.11,0.0,3.0,o,22.293,58300.5521072,670.6,1937.68,105.0,179.9,-15.2,16.7,189.0,2027.4,854.6,1.41,2.21,2.03,1.0,3.0,-0.487
02a58300o0676o,325.887195,43.54955,None,None,None,o,22.274,58300.5565621,None,None,None,None,None,None,None,None,None,None,None,None,1.0,3.0,-0.3945
02a58300o0686o,325.887195,43.54955,>20.13,0.0,3.0,o,22.295,58300.5618689,734.62,2013.13,230.0,180.3,9.6,16.6,186.9,2113.5,780.7,1.7,2.21,2.01,1.0,3.0,-0.487
02a58300o0695o,325.887195,43.54955,None,None,None,o,22.273,58300.5667919,None,None,None,None,None,None,None,None,None,None,None,None,1.0,3.0,-0.407
02a58300o0705o,325.887195,43.54955,>20.12,0.0,3.0,o,22.291,58300.5721046,744.24,1888.85,220.0,178.8,15.3,16.1,180.9,1580.0,915.5,1.4,2.25,2.04,1.0,3.0,-0.483
02a58308o0383c,325.887195,43.54955,20.13,0.3,3.13,c,22.378,58308.5518918,103.11,2513.43,173.0,180.5,23.5,7.5,180.2,282.9,512.1,1.86,2.75,2.46,1.0,3.0,-0.448
02a58308o0412c,325.887195,43.54955,20.17,0.36,2.51,c,22.376,58308.5655651,78.62,2476.41,170.0,179.3,22.8,9.1,176.3,-1281.6,657.9,1.5,2.72,2.48,1.0,3.0,-0.443
02a58308o0415c,325.887195,43.54955,20.2,0.31,3.03,c,22.366,58308.5670594,10047.4,2483.7,194.0,183.9,23.3,7.7,183.5,-187.5,503.8,1.31,2.64,2.39,1.0,3.0,-0.456
02a58308o0433c,325.887195,43.54955,20.17,0.3,3.2,c,22.377,58308.5755585,131.9,2551.62,184.0,180.6,23.7,7.4,180.9,-57.7,454.7,1.59,2.64,2.45,1.0,3.0,-0.444
02a58308o0436c,325.887195,43.54955,20.37,0.34,2.76,c,22.365,58308.5769593,10028.8,2447.28,222.0,182.4,19.9,7.2,182.9,460.2,452.0,1.72,2.52,2.52,1.0,3.0,-0.451
02a58308o0454c,325.887195,43.54955,>20.77,0.0,3.0,c,22.377,58308.5856351,157.35,2435.77,166.0,180.7,4.0,7.1,178.5,-952.3,467.8,1.7,2.56,2.41,1.0,3.0,-0.444
02a58308o0457c,325.887195,43.54955,20.03,0.27,3.61,c,22.362,58308.5870176,10082.7,2529.79,202.0,182.6,25.3,7.0,182.6,-182.1,601.7,1.73,2.75,2.49,1.0,3.0,-0.449
02a58308o0478c,325.887195,43.54955,19.97,0.25,3.88,c,22.362,58308.5968677,10097.1,2413.15,214.0,181.5,28.3,7.3,181.6,594.5,465.9,1.61,2.64,2.46,1.0,3.0,-0.441
01a58310o0549o,325.887195,43.54955,18.06,0.07,15.23,o,22.289,58310.5265607,7483.64,2955.5,294.0,180.4,105.1,6.9,180.9,1731.8,471.7,1.99,3.25,2.85,1.0,3.0,-0.438
01a58310o0568o,325.887195,43.54955,18.21,0.08,12.85,o,22.285,58310.5369549,3058.8,7664.77,274.0,178.2,93.8,7.3,174.0,-193.1,567.8,1.52,3.19,2.83,1.0,3.0,-0.436
01a58310o0585o,325.887195,43.54955,18.4,0.1,10.57,o,22.287,58310.5471,3001.48,7585.91,267.0,179.9,81.4,7.7,175.0,69.8,562.8,1.79,3.15,2.79,1.0,3.0,-0.438
01a58310o0604o,325.887195,43.54955,18.33,0.09,11.62,o,22.29,58310.5576238,2989.49,7701.77,269.0,178.5,84.8,7.3,177.8,1741.5,530.9,1.6,3.18,2.81,1.0,3.0,-0.441
02a58312o0625c,325.88725875,43.54952125,18.08,0.05,21.61,c,22.357,58312.5360014,9631.89,2546.91,278.0,184.6,159.9,7.4,182.7,1151.1,454.5,1.92,2.63,2.47,1.0,3.0,-0.437
02a58312o0646c,325.88725875,43.54952125,17.74,0.12,8.51,c,20.907,58312.5458424,9615.12,2511.47,263.0,188.7,59.6,7.0,191.9,2111.6,635.2,1.36,2.53,2.53,1.0,3.0,-0.415
02a58312o0667c,325.88725875,43.54952125,>15.14,0.0,3.0,c,18.534,58312.5565214,9680.71,2591.6,27.0,36.9,-0.1,35.6,38.0,-114.7,2798.3,0.93,2.61,2.46,1.0,3.0,-0.414
02a58312o0688c,325.88725875,43.54952125,19.01,0.56,1.48,c,20.741,58312.5668062,9691.2,2478.75,192.0,183.1,16.4,11.1,185.2,215.6,678.2,1.12,2.57,2.41,1.0,3.0,-0.416
01a58318o0580o,325.88728375,43.549524375,17.35,0.04,25.48,o,22.281,58318.5074185,8983.95,1672.68,379.0,179.2,191.1,7.5,176.4,1444.0,530.3,1.56,3.36,2.9,1.0,3.0,-0.438
01a58318o0596o,325.88728375,43.549524375,17.31,0.04,27.56,o,22.281,58318.5151706,8968.44,1630.18,386.0,180.0,198.4,7.2,176.3,1807.4,595.8,1.69,3.37,2.9,1.0,3.0,-0.435
01a58318o0628o,325.88728375,43.549524375,17.13,0.03,31.71,o,22.273,58318.5317753,1512.55,8888.59,470.0,180.5,237.8,7.5,178.8,3583.0,516.9,1.63,3.27,2.94,1.0,3.0,-0.435
01a58318o0646o,325.88728375,43.549524375,17.2,0.04,28.68,o,22.289,58318.5421151,1487.98,9003.5,435.0,176.6,243.8,8.5,171.3,1465.0,659.0,1.49,3.13,2.82,1.0,3.0,-0.45
02a58320o0608o,325.887265652,43.5495273913,17.23,0.04,27.35,o,21.851,58320.5181828,7840.6,1783.09,456.0,182.3,314.5,11.5,184.5,3877.5,467.2,1.37,2.21,1.99,1.0,3.0,-0.46
02a58320o0624o,325.887265652,43.5495273913,17.37,0.09,11.62,o,21.053,58320.525671,7812.72,1745.13,309.0,182.4,140.6,12.1,184.0,2727.9,695.4,1.02,2.14,1.95,1.0,3.0,-0.452
02a58320o0642o,325.887265652,43.5495273913,17.22,0.03,30.69,o,22.084,58320.5340433,7878.59,1823.87,490.0,180.9,411.3,13.4,181.9,4231.1,689.8,2.54,2.14,1.95,1.0,3.0,-0.486
02a58320o0661o,325.887265652,43.5495273913,17.28,0.34,2.7,o,19.205,58320.542915,7891.06,1708.3,234.0,180.8,25.9,9.6,183.2,-64.2,510.8,1.21,2.28,2.02,1.0,3.0,-0.428
01a58322o0549o,325.887235517,43.5494831034,17.7,0.15,6.71,o,22.305,58322.4931022,10518.2,9346.01,251.0,155.7,157.6,23.5,158.9,3687.8,1543.0,0.74,3.11,2.78,1.0,3.0,-0.455
01a58322o0568o,325.887229474,43.5494631579,17.56,0.2,4.87,o,22.308,58322.5025034,10536.1,9381.01,266.0,151.6,186.6,38.3,148.5,-18290.1,2702.6,0.53,3.05,2.73,1.0,3.0,-0.462
01a58322o0572o,325.887235517,43.5494831034,17.36,0.05,21.6,o,22.29,58322.5045104,9986.28,1021.88,408.0,181.8,216.0,10.0,181.2,3360.2,729.1,1.59,3.13,2.74,1.0,3.0,-0.443
01a58322o0590o,325.887235517,43.5494831034,17.14,0.04,25.99,o,22.291,58322.5142077,584.63,9622.95,428.0,179.1,244.3,9.4,174.7,1699.7,694.8,1.51,3.24,2.92,1.0,3.0,-0.423
01a58322o0593o,325.887235517,43.5494831034,17.18,0.04,26.72,o,22.292,58322.5156646,510.48,9543.22,455.0,177.8,235.1,8.8,177.5,2073.9,647.2,1.89,3.23,2.92,1.0,3.0,-0.427
01a58322o0595o,325.887229474,43.5494631579,17.47,0.06,17.82,o,22.306,58322.516598,10477.0,9303.81,318.0,166.8,185.3,10.4,160.0,-163.0,813.2,2.19,3.21,2.87,1.0,3.0,-0.442
01a58322o0605o,325.887229474,43.5494631579,17.21,0.04,27.4,o,22.292,58322.5222024,10041.1,938.08,393.0,183.0,232.9,8.5,185.2,4085.9,691.4,1.68,3.24,2.87,1.0,3.0,-0.431
01a58322o0609o,325.887229474,43.5494631579,17.33,0.05,23.34,o,22.306,58322.5243129,10453.3,9418.21,347.0,169.1,221.7,9.5,163.9,1516.7,789.1,1.78,3.14,2.77,1.0,3.0,-0.454
02a58324o0580o,325.887230698,43.5494676744,17.31,0.04,25.45,o,22.284,58324.5075597,7785.21,1840.04,519.0,179.5,440.3,17.3,177.3,2367.4,862.5,1.55,2.18,1.99,1.0,3.0,-0.477
02a58324o0613o,325.887230698,43.5494676744,17.38,0.04,25.09,o,22.256,58324.5231707,7804.72,1886.09,578.0,177.1,424.1,16.9,178.5,3554.4,848.4,1.31,2.12,1.92,1.0,3.0,-0.473
02a58324o0638o,325.887230698,43.5494676744,17.32,0.04,26.17,o,22.257,58324.5358544,7827.47,1766.28,593.0,171.2,458.0,17.5,176.1,3887.3,952.1,1.59,2.1,1.9,1.0,3.0,-0.486
02a58328o0509o,325.887229808,43.5494780769,17.32,0.05,19.99,o,22.237,58328.4758513,1802.81,7849.52,542.0,182.4,373.8,18.7,183.5,1908.1,1118.6,1.61,2.33,2.12,1.0,3.0,-0.447
02a58328o0526o,325.887229808,43.5494780769,17.31,0.05,21.2,o,22.265,58328.4841416,1813.38,7882.73,553.0,181.3,383.8,18.1,186.1,4663.0,1303.2,1.74,2.34,2.14,1.0,3.0,-0.454
02a58328o0528o,325.887229808,43.5494780769,17.28,0.05,19.27,o,22.262,58328.485056,1756.29,7803.18,542.0,180.0,366.2,19.0,182.5,3928.3,941.3,1.15,2.43,2.22,1.0,3.0,-0.446
02a58328o0543o,325.887229808,43.5494780769,17.27,0.06,16.92,o,22.263,58328.4924934,1730.82,7918.69,513.0,181.4,333.3,19.7,175.3,2412.0,1272.8,1.48,2.61,2.29,1.0,3.0,-0.408
01a58330o0557o,325.887246167,43.5494805,17.27,0.07,14.99,o,22.25,58330.4930449,3690.31,9017.98,386.0,182.5,212.9,14.2,186.9,7647.9,988.3,1.9,3.21,2.86,1.0,3.0,-0.432
01a58330o0573o,325.887246167,43.5494805,17.31,0.08,13.2,o,22.242,58330.5004573,3705.32,9056.24,401.0,181.8,187.5,14.2,186.2,4096.1,1409.8,1.74,3.33,3.01,1.0,3.0,-0.427
01a58330o0590o,325.887246167,43.5494805,17.33,0.08,12.77,o,22.249,58330.5083793,3649.16,8995.46,381.0,182.8,196.6,15.4,182.1,3100.0,1338.5,1.42,3.23,2.9,1.0,3.0,-0.434
01a58330o0606o,325.887246167,43.5494805,17.22,0.07,15.03,o,22.249,58330.516242,3625.74,9112.17,386.0,179.8,205.9,13.7,180.0,4321.8,1047.8,1.79,3.35,2.98,1.0,3.0,-0.418
01a58334o0482o,325.887250938,43.5494915625,17.36,0.44,2.01,o,20.72,58334.4956745,3303.33,7075.34,237.0,181.2,55.8,27.7,183.8,1278.2,2505.7,0.99,2.96,2.63,1.0,3.0,-0.449
01a58334o0507o,325.887250938,43.5494915625,17.4,0.1,9.85,o,21.848,58334.5074932,3331.91,7111.5,324.0,173.8,139.9,14.2,171.9,1683.2,1132.9,1.38,3.07,2.76,1.0,3.0,-0.441
01a58334o0529o,325.887250938,43.5494915625,17.14,0.15,6.55,o,21.484,58334.5177255,3259.05,7032.29,331.0,193.0,123.1,18.8,187.8,2152.6,1713.3,1.24,3.15,2.81,1.0,3.0,-0.431
01a58334o0543o,325.887250938,43.5494915625,17.17,0.14,7.16,o,21.521,58334.5242301,3247.87,7148.26,414.0,183.6,118.2,16.5,183.0,1345.1,1320.8,1.39,3.24,2.89,1.0,3.0,-0.421
01a58338o0531o,325.887247324,43.5494964789,17.31,0.06,18.99,o,21.904,58338.476647,2042.7,7445.58,348.0,177.3,161.4,8.5,174.2,1813.2,568.0,1.27,3.06,2.73,1.0,3.0,-0.4495
01a58338o0546o,325.887247324,43.5494964789,17.3,0.05,20.64,o,21.953,58338.4835801,2072.87,7483.53,378.0,178.9,167.2,8.1,178.0,2114.8,672.2,1.77,3.12,2.76,1.0,3.0,-0.441
01a58338o0565o,325.887247324,43.5494964789,17.21,0.04,23.78,o,21.96,58338.492469,2014.35,7402.84,391.0,179.7,187.9,7.9,178.0,2360.5,627.0,2.01,3.05,2.73,1.0,3.0,-0.452
01a58338o0593o,325.887246892,43.5494991892,17.23,0.04,25.26,o,22.084,58338.5061158,1989.07,7516.86,361.0,180.3,194.5,7.7,177.5,2662.6,557.7,1.47,3.15,2.82,1.0,3.0,-0.448
01a58342o0507o,325.887244868,43.5494986842,17.32,0.04,27.79,o,22.294,58342.4738238,1407.85,8429.11,409.0,179.5,208.4,7.5,177.8,2890.9,519.6,1.83,3.21,2.9,1.0,3.0,-0.436
01a58342o0526o,325.887244359,43.5494983333,17.46,0.04,25.86,o,22.294,58342.482605,1423.99,8467.47,370.0,178.8,178.4,6.9,177.1,2265.9,529.1,1.78,3.26,2.96,1.0,3.0,-0.43
01a58342o0542o,325.88724506,43.5495014458,17.39,0.04,25.36,o,22.291,58342.4900925,1365.53,8386.82,404.0,179.6,185.1,7.3,176.6,2348.0,537.7,1.5,3.28,2.97,1.0,3.0,-0.447
01a58342o0568o,325.88724506,43.5495014458,17.22,0.03,31.49,o,22.293,58342.5022414,1337.95,8501.18,376.0,181.6,223.6,7.1,178.4,2318.2,425.3,1.96,3.25,2.91,1.0,3.0,-0.44
02a58344o0526c,325.887243011,43.5494943011,18.48,0.07,15.34,c,22.31,58344.4772488,8468.98,1235.4,259.0,184.2,113.5,7.4,186.0,1153.1,468.4,2.03,2.46,2.46,1.0,3.0,-0.444
02a58344o0550c,325.887243011,43.5494943011,18.28,0.06,16.76,c,22.295,58344.4885855,8453.73,1192.67,303.0,183.8,134.1,8.0,186.9,1427.3,486.9,1.78,2.55,2.4,1.0,3.0,-0.436
02a58344o0571c,325.887243011,43.5494943011,18.37,0.06,17.3,c,22.343,58344.4983933,8507.13,1272.98,320.0,186.9,131.5,7.6,188.8,2255.8,534.4,2.14,2.52,2.37,1.0,3.0,-0.441
02a58344o0586c,325.887243011,43.5494943011,18.11,0.05,19.79,c,22.299,58344.5053668,8533.66,1154.58,340.0,183.4,162.3,8.2,183.0,1571.4,441.8,1.77,2.42,2.42,1.0,3.0,-0.444
02a58348o0515o,325.887241939,43.5494947959,17.56,0.04,27.85,o,22.276,58348.4647046,9074.59,4383.47,526.0,181.0,325.8,11.7,183.5,2821.4,527.6,2.05,2.25,2.05,1.0,3.0,-0.468
02a58348o0536o,325.887237282,43.5494968932,17.56,0.04,28.29,o,22.28,58348.4745552,9043.55,4340.73,532.0,180.1,339.5,12.0,180.8,2319.7,535.1,2.17,2.21,2.01,1.0,3.0,-0.472
02a58348o0560o,325.887237282,43.5494968932,17.58,0.04,26.89,o,22.274,58348.4857564,9112.81,4422.75,458.0,180.7,320.0,11.9,182.9,3964.2,555.8,1.84,2.24,2.06,1.0,3.0,-0.477
02a58348o0574o,325.887241939,43.5494947959,17.58,0.04,28.59,o,22.273,58348.4921731,9125.71,4304.85,476.0,181.8,314.5,11.0,181.8,3548.3,574.3,2.0,2.27,2.06,1.0,3.0,-0.479
02a58352o0378o,325.887235238,43.5494974286,17.65,0.2,4.83,o,21.525,58352.4652323,9030.02,4147.97,420.0,240.2,158.3,32.8,238.2,2281.9,1735.7,1.04,2.22,2.01,1.0,3.0,-0.456
02a58352o0403o,325.887235238,43.5494974286,>16.36,0.0,3.0,o,19.84,58352.4771155,9069.83,4187.48,265.0,257.0,-40.0,58.2,258.6,-3772.1,3229.3,0.98,2.13,1.99,1.0,3.0,-0.475
02a58352o0406o,325.887235238,43.5494974286,16.35,0.25,3.85,o,20.262,58352.4784882,9014.29,4109.17,371.0,204.7,171.9,44.7,203.0,-2208.3,2323.7,0.64,2.13,1.98,1.0,3.0,-0.472
02a58352o0426o,325.887235238,43.5494974286,17.74,0.22,4.38,o,21.355,58352.4879291,9084.23,4072.4,404.0,202.4,121.9,27.8,211.6,1541.9,1540.7,1.03,2.23,2.04,1.0,3.0,-0.455
02a58360o0479o,325.887235315,43.5494998198,17.68,0.06,18.83,o,22.27,58360.4392736,8064.25,2927.82,514.0,178.0,329.6,17.5,175.7,1132.0,838.9,1.16,2.1,1.92,1.0,3.0,-0.487
02a58360o0504o,325.887235315,43.5494998198,17.69,0.06,18.49,o,22.275,58360.4510494,8046.45,2885.21,507.0,177.9,336.5,18.2,176.6,2167.8,822.3,1.63,2.05,1.89,1.0,3.0,-0.5
02a58360o0525o,325.887235315,43.5494998198,17.6,0.05,21.01,o,22.271,58360.460853,8103.18,2965.6,552.0,179.0,348.7,16.6,177.1,514.1,781.5,1.7,2.12,1.93,1.0,3.0,-0.49
02a58360o0538o,325.887235315,43.5494998198,17.73,0.06,17.69,o,22.272,58360.4669092,8116.84,2847.6,478.0,178.2,304.2,17.2,179.7,2020.5,820.3,1.2,2.14,1.92,1.0,3.0,-0.495
01a58362o0462o,325.887237692,43.5495011111,17.58,0.05,19.42,o,22.285,58362.4314078,3129.02,7749.11,363.0,178.5,157.3,8.1,180.6,3559.5,679.2,1.92,3.28,2.95,1.0,3.0,-0.428
01a58362o0479o,325.887240265,43.5495,17.73,0.06,16.41,o,22.285,58362.4393036,3144.0,7786.9,292.0,177.5,132.9,8.1,176.8,2287.2,725.9,1.66,3.36,2.98,1.0,3.0,-0.43
01a58362o0503o,325.887237692,43.5495011111,17.74,0.07,14.32,o,22.276,58362.4504819,3086.0,7708.07,265.0,177.5,117.4,8.2,175.0,748.3,729.2,1.73,3.52,3.15,1.0,3.0,-0.425
01a58362o0515o,325.887237692,43.5495011111,17.71,0.07,15.37,o,22.278,58362.4560896,3060.87,7824.89,278.0,178.0,132.2,8.6,176.1,1049.2,681.5,1.72,3.35,3.02,1.0,3.0,-0.44
01a58366o0457o,325.88724424,43.54950792,17.65,0.05,19.81,o,22.284,58366.4262296,881.35,8421.12,348.0,180.5,154.5,7.8,180.0,2741.6,653.2,1.76,3.18,2.88,1.0,3.0,-0.436
01a58366o0473o,325.88724424,43.54950792,17.62,0.05,20.88,o,22.283,58366.4336168,896.95,8460.34,367.0,181.1,162.9,7.8,176.1,992.9,512.2,2.02,3.16,2.83,1.0,3.0,-0.438
01a58366o0492o,325.88724424,43.54950792,17.72,0.06,18.68,o,22.282,58366.4424732,839.18,8379.84,330.0,184.2,149.4,8.0,182.0,1537.4,652.5,1.39,3.12,2.84,1.0,3.0,-0.443
01a58366o0517o,325.88724424,43.54950792,17.61,0.05,20.5,o,22.28,58366.454171,825.93,8494.51,341.0,178.3,151.7,7.4,176.9,2360.8,661.7,1.99,3.28,2.94,1.0,3.0,-0.437
02a58368o0442o,325.887246,43.5495095385,17.81,0.1,10.6,o,21.406,58368.4288977,7425.97,2622.22,297.0,181.0,126.1,11.9,182.4,2202.9,647.8,1.61,2.15,1.99,1.0,3.0,-0.461
02a58368o0461o,325.887246,43.5495095385,17.78,0.05,19.57,o,22.123,58368.4376207,7408.94,2582.86,308.0,176.7,240.7,12.3,178.5,2127.1,718.4,1.63,2.19,2.02,1.0,3.0,-0.477
02a58368o0477o,325.887246,43.5495095385,17.88,0.06,18.25,o,22.051,58368.4451423,7464.1,2660.89,344.0,180.6,217.2,11.9,180.3,1002.1,564.9,1.77,2.12,1.96,1.0,3.0,-0.49
02a58368o0503o,325.887246,43.5495095385,17.74,0.05,20.45,o,22.202,58368.4572102,7476.97,2544.79,388.0,176.3,270.0,13.2,179.6,2756.4,720.7,1.59,2.16,2.01,1.0,3.0,-0.488
02a58372o0467o,325.887242826,43.5495118841,17.93,0.05,20.69,o,22.295,58372.4262666,9011.82,2073.25,420.0,181.2,271.0,13.1,182.1,1862.0,564.2,2.7,2.05,1.89,1.0,3.0,-0.518
02a58372o0484o,325.887246119,43.5495100746,17.89,0.05,19.99,o,22.289,58372.434114,8981.77,2034.87,384.0,181.3,265.9,13.3,184.8,2080.1,582.4,1.62,2.13,1.93,1.0,3.0,-0.503
02a58372o0500o,325.887246119,43.5495100746,17.89,0.05,20.86,o,22.283,58372.4417368,9050.71,2113.36,438.0,181.2,269.1,12.9,183.7,3953.1,547.8,1.7,2.1,1.94,1.0,3.0,-0.499
02a58372o0526o,325.887242826,43.5495118841,17.87,0.05,20.97,o,22.282,58372.4538963,9064.13,1997.99,375.0,180.4,268.4,12.8,185.0,2436.0,589.9,2.38,2.13,1.94,1.0,3.0,-0.505
01a58374o0335o,325.887239589,43.5495193151,17.84,0.07,15.56,o,22.274,58374.4139674,2629.24,7769.63,263.0,177.4,102.7,6.6,172.6,1081.9,606.8,1.59,3.73,3.21,1.0,3.0,-0.402
01a58374o0360o,325.887243357,43.5495147857,17.93,0.07,14.5,o,22.275,58374.425685,2658.12,7806.24,306.0,179.3,101.5,7.0,180.7,3882.8,516.5,2.01,3.44,3.18,1.0,3.0,-0.4225
01a58374o0381o,325.887239589,43.5495193151,17.98,0.07,14.9,o,22.274,58374.4353916,2599.4,7728.06,310.0,173.5,101.3,6.8,173.1,2443.3,608.8,1.51,3.37,3.06,1.0,3.0,-0.429
01a58374o0393o,325.887239589,43.5495193151,17.83,0.06,17.16,o,22.274,58374.441013,2573.6,7844.66,306.0,173.7,118.4,6.9,169.4,895.3,539.4,1.76,3.39,2.95,1.0,3.0,-0.444
02a58376o0404c,325.887239589,43.5495193151,18.77,0.16,6.36,c,21.816,58376.4018078,197.58,799.92,211.0,177.7,46.4,7.3,178.8,1651.7,605.4,1.45,2.78,2.63,1.0,3.0,-0.412
01a58378o0422o,325.88724,43.5495207895,17.85,0.06,16.56,o,22.276,58378.4028269,1728.56,7436.57,329.0,177.6,127.5,7.7,178.7,2678.6,628.2,2.3,3.19,2.91,1.0,3.0,-0.432
01a58378o0444o,325.88724,43.5495207895,17.74,0.06,16.65,o,22.275,58378.4132788,1742.76,7473.62,369.0,179.2,146.5,8.8,175.0,966.2,685.9,1.69,3.12,2.82,1.0,3.0,-0.442
01a58378o0469o,325.88724,43.5495207895,17.94,0.07,14.46,o,22.275,58378.424903,1686.25,7395.17,311.0,182.5,115.7,8.0,183.2,1328.4,546.8,1.97,3.21,2.88,1.0,3.0,-0.447
01a58378o0483o,325.88724,43.5495207895,17.95,0.07,15.1,o,22.274,58378.4314824,1674.37,7510.22,307.0,180.1,119.3,7.9,179.2,2375.2,518.6,1.75,3.15,2.84,1.0,3.0,-0.443
02a58380o0435o,325.88723961,43.5495205195,17.97,0.07,15.87,o,22.257,58380.4069362,7362.31,1750.0,391.0,176.1,239.7,15.1,182.4,2182.5,679.7,1.21,2.15,1.94,1.0,3.0,-0.488
02a58380o0457o,325.88723961,43.5495205195,17.94,0.09,12.28,o,22.077,58380.41725,7404.92,1788.38,323.0,174.5,208.7,17.0,176.7,3390.5,890.6,1.33,2.14,1.95,1.0,3.0,-0.491
02a58380o0459o,325.88723961,43.5495205195,17.79,0.14,7.1,o,21.829,58380.4181643,7350.63,1710.27,316.0,198.9,185.4,26.1,200.6,2204.3,1484.6,1.18,2.18,1.99,1.0,3.0,-0.466
02a58380o0483o,325.88723961,43.5495205195,18.07,0.27,3.52,o,21.288,58380.4292358,7419.18,1670.78,382.0,302.7,95.1,27.0,297.0,-640.3,1645.3,0.9,2.12,1.9,1.0,3.0,-0.4645
01a58382o0389o,325.887238788,43.5495250909,18.12,0.34,2.74,o,22.268,58382.3850778,7074.67,58.09,292.0,150.6,104.8,38.3,166.6,11006.9,2250.8,0.14,3.08,2.81,1.0,3.0,-0.444
01a58382o0406o,325.887237975,43.5495227848,17.96,0.1,10.81,o,22.265,58382.3931175,7090.28,96.53,278.0,165.2,109.2,10.1,168.7,2898.2,784.9,1.27,3.36,2.91,1.0,3.0,-0.426
01a58382o0412o,325.887237975,43.5495227848,17.81,0.09,11.65,o,22.272,58382.3959261,2007.65,9838.36,321.0,179.8,123.5,10.6,175.8,-93.6,839.8,1.43,3.41,2.94,1.0,3.0,-0.417
01a58382o0429o,325.887238788,43.5495250909,17.94,0.1,10.29,o,22.27,58382.4037605,2025.19,9877.65,307.0,179.1,118.3,11.5,177.4,1080.5,978.6,1.08,3.18,2.86,1.0,3.0,-0.434
01a58382o0433o,325.887238788,43.5495250909,>16.97,0.0,3.0,o,22.267,58382.4056198,7035.1,19.98,-1068.0,-373.7,-359.0,165.9,-859.8,-119519.0,67825.5,0.34,2.97,2.66,1.0,3.0,-0.456
01a58382o0443o,325.887237975,43.5495227848,18.18,0.11,9.3,o,22.266,58382.4103578,7023.86,136.97,215.0,164.0,99.5,10.7,164.5,1301.0,739.2,1.21,3.16,2.73,1.0,3.0,-0.437
01a58382o0445o,325.887237975,43.5495227848,18.19,0.12,8.84,o,22.271,58382.4112868,1966.5,9796.89,314.0,177.3,97.2,11.0,179.0,2584.7,858.7,1.61,3.1,2.82,1.0,3.0,-0.443
01a58382o0471o,325.887238788,43.5495250909,17.83,0.09,11.28,o,22.268,58382.4233377,1954.01,9912.77,317.0,179.4,135.4,12.0,174.3,-634.9,834.9,1.14,3.12,2.77,1.0,3.0,-0.447
02a58384o0387o,325.887241053,43.5495228655,17.95,0.14,7.25,o,22.136,58384.3848758,511.97,1929.79,347.0,174.6,216.9,29.9,173.9,-275.1,1572.4,1.36,2.17,1.95,1.0,3.0,-0.48
02a58384o0402o,325.887241053,43.5495228655,17.89,0.12,8.21,o,22.114,58384.391751,10466.9,1955.0,441.0,206.1,199.5,24.3,212.1,5675.5,1558.8,1.16,2.32,2.11,1.0,3.0,-0.458
02a58384o0405o,325.887241053,43.5495228655,18.1,0.16,6.4,o,22.11,58384.3931602,496.85,1890.24,255.0,155.0,184.9,28.9,150.4,-3374.8,1554.8,1.51,2.17,1.95,1.0,3.0,-0.484
02a58384o0424o,325.887241053,43.5495228655,18.19,0.12,8.72,o,22.26,58384.4021267,553.86,1965.86,395.0,175.4,190.1,21.8,173.4,-442.2,1347.9,1.59,2.07,2.07,1.0,3.0,-0.489
02a58384o0427o,325.887241053,43.5495228655,18.12,0.12,8.48,o,22.248,58384.403509,10452.3,1914.82,375.0,181.4,204.3,24.1,190.0,2123.0,1361.9,1.05,2.19,1.97,1.0,3.0,-0.463
02a58384o0448o,325.887241047,43.5495225,18.04,0.25,3.84,o,22.198,58384.4131717,10508.8,1994.64,308.0,150.2,205.8,53.6,126.5,-12196.2,3217.8,0.57,2.21,1.99,1.0,3.0,-0.462
02a58384o0450o,325.887241047,43.5495225,17.94,0.15,6.84,o,22.077,58384.4140967,581.52,1845.78,402.0,114.5,203.0,29.7,113.8,2369.0,1685.0,0.92,2.2,1.96,1.0,3.0,-0.479
02a58384o0460o,325.887241053,43.5495228655,>18.16,0.0,3.0,o,22.002,58384.4188246,10523.8,1876.09,-256.0,8.6,-9.7,78.9,-303.7,-89476.0,6723.6,4.22,2.19,2.0,1.0,3.0,-0.47
01a58386o0340o,325.887245029,43.5495252,18.0,0.2,4.91,o,22.265,58386.4096486,979.21,9241.37,263.0,168.8,91.9,18.7,170.2,4937.9,2136.6,1.42,3.51,3.22,1.0,3.0,-0.407
01a58386o0353o,325.887245029,43.5495252,17.83,0.14,7.37,o,22.264,58386.4156407,1009.24,9281.05,268.0,170.8,112.0,15.2,180.8,5845.9,1191.7,1.44,3.44,3.12,1.0,3.0,-0.414
01a58386o0374o,325.887245029,43.5495252,18.22,0.24,3.96,o,22.26,58386.4256969,950.68,9198.31,271.0,177.5,74.5,18.8,180.4,3214.4,1775.2,1.39,3.5,3.2,1.0,3.0,-0.412
01a58386o0396o,325.887245029,43.5495252,17.87,0.13,7.75,o,22.266,58386.4358301,924.95,9317.24,292.0,199.4,123.3,15.9,196.7,826.0,1374.3,1.37,3.22,2.89,1.0,3.0,-0.427
02a58388o0072o,325.887245029,43.5495252,18.22,0.28,3.44,o,21.688,58388.409923,7431.92,4257.56,260.0,161.8,115.0,33.4,159.7,-1163.0,1924.2,1.04,2.17,1.94,1.0,3.0,-0.456
01a58390o0350o,325.887245169,43.5495255056,17.56,0.47,1.86,o,19.963,58390.3702966,3088.73,9269.83,124.0,59.1,21.0,11.3,70.1,5485.9,1046.3,1.0,3.12,2.79,1.0,3.0,-0.442
01a58390o0360o,325.887245169,43.5495255056,17.26,0.73,1.03,o,20.116,58390.3749154,3118.67,9308.6,339.0,267.7,30.2,29.2,273.8,1504.7,2452.4,0.76,3.25,2.85,1.0,3.0,-0.436
01a58390o0384o,325.887244034,43.5495254545,18.26,0.11,8.96,o,22.256,58390.3862437,3047.23,9228.81,272.0,178.4,86.9,9.7,175.3,331.7,794.6,1.53,3.19,2.86,1.0,3.0,-0.43
01a58390o0404o,325.887245169,43.5495255056,17.89,0.09,11.17,o,22.246,58390.3954594,3037.05,9346.07,259.0,180.1,110.6,9.9,175.4,-599.4,751.2,1.41,3.35,3.02,1.0,3.0,-0.419
02a58392o0386o,325.887242678,43.5495252459,None,None,None,o,22.279,58392.3733103,None,None,None,None,None,None,None,None,None,None,None,None,1.0,3.0,-0.482
02a58392o0405o,325.887242678,43.5495252459,18.2,0.07,15.21,o,22.3,58392.3820048,6911.47,825.34,400.0,178.2,197.7,13.0,176.8,673.9,732.3,1.59,2.08,2.08,1.0,3.0,-0.477
02a58392o0411o,325.887242678,43.5495252459,>17.77,0.0,3.0,o,22.274,58392.3847702,1742.72,10534.5,-633.0,-90.1,-302.7,147.6,-488.0,-62406.6,55041.6,0.7,2.17,1.98,1.0,3.0,-0.478
02a58392o0426o,325.887242678,43.5495252459,18.19,0.07,15.17,o,22.292,58392.3918559,6953.83,863.08,346.0,179.5,192.7,12.7,181.0,1907.4,653.9,1.86,2.19,1.99,1.0,3.0,-0.492
02a58392o0428o,325.887242678,43.5495252459,18.09,0.07,15.5,o,22.29,58392.3927705,6885.64,784.77,387.0,180.0,206.2,13.3,177.0,1269.0,712.7,1.88,2.23,2.02,1.0,3.0,-0.482
02a58392o0451o,325.887242678,43.5495252459,18.03,0.06,17.11,o,22.288,58392.4033486,6968.83,744.86,354.0,180.5,227.6,13.3,181.3,785.0,707.5,1.58,2.17,1.97,1.0,3.0,-0.494
02a58392o0454o,325.887242678,43.5495252459,18.26,0.13,7.84,o,22.269,58392.4047672,1813.78,10489.0,273.0,164.1,176.3,22.5,152.5,-240.7,1511.2,2.19,2.21,2.01,1.0,3.0,-0.48
01a58394o0379o,325.88723911,43.5495273298,17.86,0.07,14.93,o,22.284,58394.372492,3410.26,8975.13,284.0,176.4,129.9,8.7,171.2,694.7,641.9,1.06,3.17,2.82,1.0,3.0,-0.4425
01a58394o0400o,325.88723911,43.5495273298,17.95,0.07,14.28,o,22.28,58394.3823509,3367.99,8934.18,330.0,176.7,112.8,7.9,175.8,1077.6,622.7,1.77,3.23,2.95,1.0,3.0,-0.44
01a58394o0402o,325.88723911,43.5495273298,18.04,0.08,12.76,o,22.283,58394.3832873,3424.74,9010.91,272.0,175.4,108.5,8.5,171.7,757.4,615.3,1.46,3.18,2.85,1.0,3.0,-0.448
01a58394o0425o,325.88723911,43.5495273298,18.26,0.09,10.97,o,22.278,58394.3939037,3342.35,9050.69,325.0,175.4,86.7,7.9,175.1,1759.5,660.7,1.86,3.19,2.89,1.0,3.0,-0.442
02a58396o0390c,325.88723724,43.5495256771,19.87,0.5,1.71,c,21.447,58396.3808507,8656.31,3758.47,202.0,179.3,14.4,8.4,178.8,-348.6,625.9,1.03,2.47,2.47,1.0,3.0,-0.412
02a58396o0407c,325.88723724,43.5495256771,19.26,0.31,2.99,c,21.442,58396.3886345,8626.53,3718.37,203.0,177.3,25.1,8.4,175.7,309.3,620.1,1.33,2.55,2.39,1.0,3.0,-0.413
02a58396o0425c,325.88723724,43.5495256771,18.79,0.17,6.01,c,21.737,58396.397142,8683.14,3797.64,234.0,181.6,50.5,8.4,179.9,192.9,556.0,1.74,2.54,2.4,1.0,3.0,-0.4215
02a58396o0450c,325.88723724,43.5495256771,19.31,0.26,3.74,c,21.771,58396.4086552,8712.63,3680.9,212.0,179.2,31.4,8.4,180.2,-414.8,591.1,1.04,2.59,2.44,1.0,3.0,-0.422
01a58402o0323o,325.887236856,43.5495273711,18.06,0.09,12.16,o,22.269,58402.3508979,3408.84,6545.36,270.0,171.9,91.2,7.5,167.0,1252.7,635.9,1.9,3.4,3.09,1.0,3.0,-0.439
01a58402o0348o,325.887236856,43.5495273711,18.05,0.08,12.58,o,22.269,58402.3646617,3424.79,6581.25,283.0,172.6,95.6,7.6,168.3,89.1,716.4,1.98,3.35,3.0,1.0,3.0,-0.439
01a58402o0373o,325.887236856,43.5495273711,18.03,0.08,13.88,o,22.268,58402.3785046,3369.26,6503.13,250.0,170.6,105.5,7.6,173.8,4762.3,589.4,2.15,3.19,2.88,1.0,3.0,-0.452
01a58402o0390o,325.887236802,43.5495281726,17.88,0.07,14.14,o,22.264,58402.388028,3349.94,6620.19,303.0,174.6,114.5,8.1,176.8,3476.4,653.3,1.82,3.28,2.98,1.0,3.0,-0.444
02a58408o0351o,325.8872367,43.5495281,18.33,0.09,11.83,o,22.271,58408.3510069,7216.18,1669.09,317.0,176.8,170.3,14.4,170.7,-280.1,889.9,1.44,2.17,1.97,1.0,3.0,-0.486
02a58408o0375o,325.8872367,43.5495281,18.13,0.07,14.19,o,22.269,58408.3622873,7200.65,1628.93,372.0,176.4,202.9,14.3,173.6,2687.3,795.7,1.15,2.18,1.97,1.0,3.0,-0.487
02a58408o0398o,325.8872367,43.5495281,18.21,0.08,12.9,o,22.262,58408.3728176,7255.52,1706.69,363.0,179.1,174.2,13.5,179.4,882.4,856.6,1.52,2.27,2.06,1.0,3.0,-0.478
02a58408o0412o,325.887236667,43.54952801,18.45,0.1,10.51,o,22.261,58408.3794646,7269.35,1588.52,346.0,180.8,151.4,14.4,183.3,1010.0,834.3,1.27,2.19,1.96,1.0,3.0,-0.482
02a58412o0347o,325.887235415,43.5495284878,18.36,0.11,9.08,o,22.261,58412.3474273,9332.92,1770.73,314.0,182.2,160.7,17.7,182.0,1805.3,1007.6,1.48,2.19,2.0,1.0,3.0,-0.485
02a58412o0366o,325.887235415,43.5495284878,18.58,0.14,7.34,o,22.265,58412.3561219,9302.57,1730.8,320.0,180.0,134.3,18.3,188.6,3080.7,1065.4,1.35,2.17,1.97,1.0,3.0,-0.486
02a58412o0382o,325.887235415,43.5495284878,18.5,0.13,7.68,o,22.256,58412.3637347,9357.33,1810.56,328.0,182.0,138.2,18.0,185.5,304.8,1070.2,1.06,2.22,2.0,1.0,3.0,-0.478
02a58412o0408o,325.887235415,43.5495284878,18.13,0.11,9.83,o,22.251,58412.3756825,9386.18,1694.17,353.0,181.1,187.7,19.1,175.2,-370.6,895.0,1.17,2.27,2.03,1.0,3.0,-0.478
01a58414o0311o,325.887236039,43.5495292754,18.2,0.19,5.1,o,22.274,58414.3307878,1457.27,8052.39,219.0,178.8,88.8,17.4,186.2,4697.4,1407.4,1.53,3.26,2.93,1.0,3.0,-0.437
01a58414o0335o,325.887236039,43.5495292754,18.51,0.27,3.52,o,22.272,58414.3420181,1487.48,8088.8,264.0,180.2,63.8,18.1,186.6,2876.4,1394.4,1.7,3.33,3.01,1.0,3.0,-0.431
01a58414o0356o,325.887236039,43.5495292754,18.35,0.23,4.29,o,22.272,58414.3516881,1415.37,8009.93,271.0,180.7,80.6,18.8,188.4,4906.5,1586.2,1.53,3.17,2.86,1.0,3.0,-0.444
01a58414o0357o,325.887236039,43.5495292754,18.08,0.18,5.72,o,22.271,58414.3521486,1403.15,8126.81,300.0,179.0,102.9,18.0,185.3,3228.0,1364.7,1.57,3.17,2.86,1.0,3.0,-0.444
02a58416o0250o,325.887230687,43.5495280916,18.59,0.15,6.52,o,22.278,58416.3017696,382.7,2848.39,368.0,175.6,129.8,19.9,174.0,173.4,1290.6,1.19,2.19,2.03,1.0,3.0,-0.489
02a58416o0270o,325.887230687,43.5495280916,18.42,0.14,7.13,o,22.266,58416.3111824,353.96,2808.23,355.0,178.2,151.9,21.3,182.0,-652.7,1065.6,1.49,2.21,2.02,1.0,3.0,-0.469
02a58416o0273o,325.887230687,43.5495280916,18.47,0.15,6.59,o,22.258,58416.3125684,10310.2,2842.22,340.0,169.6,123.3,18.7,173.3,3092.3,1257.8,1.19,2.4,2.19,1.0,3.0,-0.457
02a58416o0288o,325.887230687,43.5495280916,18.51,0.16,6.48,o,22.265,58416.3194409,10295.6,2803.17,319.0,169.0,143.3,22.1,170.5,2149.0,1157.1,1.73,2.17,1.99,1.0,3.0,-0.4795
02a58416o0290o,325.887230687,43.5495280916,18.25,0.12,8.62,o,22.275,58416.3203745,409.25,2882.52,327.0,175.6,184.4,21.4,167.9,-711.9,1143.0,1.19,2.16,1.96,1.0,3.0,-0.492
02a58416o0292o,325.887230687,43.5495280916,18.53,0.16,6.41,o,22.275,58416.3213413,437.3,2764.39,365.0,171.1,139.0,21.7,176.8,1405.2,1242.7,1.06,2.19,1.99,1.0,3.0,-0.486
02a58416o0305o,325.887230687,43.5495280916,18.42,0.14,7.37,o,22.262,58416.3275033,10350.0,2881.37,298.0,156.6,160.7,21.8,157.9,3823.5,1363.5,1.67,2.14,1.95,1.0,3.0,-0.475
02a58416o0331o,325.887230687,43.5495280916,18.37,0.15,7.0,o,22.26,58416.3395205,10379.1,2766.75,315.0,160.8,164.4,23.5,158.2,1594.1,1343.6,0.78,2.16,1.98,1.0,3.0,-0.471
02a58420o0037o,325.887230687,43.5495280916,18.57,0.5,1.72,o,20.664,58420.3364552,9518.43,2661.54,197.0,175.6,30.7,17.8,178.3,3278.5,956.0,0.93,2.23,2.02,1.0,3.0,-0.436
02a58420o0078o,325.887230687,43.5495280916,>16.77,0.0,3.0,o,19.138,58420.3555186,9557.8,2700.33,204.0,223.6,-25.0,21.1,224.7,-1379.9,1196.9,0.97,2.16,1.95,1.0,3.0,-0.435
02a58420o0092o,325.887230687,43.5495280916,>15.95,0.0,3.0,o,19.516,58420.3622205,9585.89,2583.31,-75.0,-21.7,-30.2,61.1,-25.2,-2621.3,2913.6,0.97,2.19,1.99,1.0,3.0,-0.442
02a58424o0311c,325.887229697,43.5495266667,19.27,0.15,6.53,c,22.315,58424.3308447,6675.62,2377.91,219.0,181.3,50.3,7.7,181.6,196.9,446.5,1.28,2.67,2.5,1.0,3.0,-0.427
02a58424o0330c,325.887229697,43.5495266667,19.52,0.19,5.28,c,22.311,58424.3395574,6658.86,2337.48,189.0,180.8,39.1,7.4,180.1,902.8,517.5,1.37,2.68,2.53,1.0,3.0,-0.427
02a58424o0347c,325.887229697,43.5495266667,19.47,0.19,5.12,c,22.303,58424.3476359,6714.93,2415.25,206.0,181.6,36.9,7.2,181.3,-540.2,541.5,1.16,2.84,2.66,1.0,3.0,-0.415
02a58424o0371c,325.887229697,43.5495266667,19.09,0.13,7.62,c,22.3,58424.3586255,6744.97,2297.46,242.0,180.8,60.2,7.9,180.2,965.9,572.3,1.76,2.64,2.47,1.0,3.0,-0.428
01a58426o0036o,325.88723437,43.5495257037,18.34,0.14,7.41,o,22.236,58426.320999,1381.41,6920.26,260.0,178.8,51.9,7.0,178.4,1179.9,683.2,1.65,3.95,3.66,1.0,3.0,-0.393
01a58426o0059o,325.88723437,43.5495257037,18.75,0.16,6.32,o,22.241,58426.3316818,1413.15,6959.13,239.0,183.3,48.0,7.6,181.2,275.7,642.3,1.83,3.38,3.09,1.0,3.0,-0.424
01a58426o0074o,325.88723437,43.5495257037,18.56,0.14,7.17,o,22.241,58426.3388409,1341.76,6879.02,204.0,180.4,59.5,8.3,177.2,468.1,627.4,1.62,3.35,2.98,1.0,3.0,-0.436
01a58426o0099o,325.88723437,43.5495257037,18.83,0.19,5.36,o,22.237,58426.350359,1330.04,6993.93,210.0,185.9,44.5,8.3,184.5,770.3,761.1,1.5,3.45,2.99,1.0,3.0,-0.434
02a58428o0178c,325.887236765,43.5495265441,20.07,0.35,2.6,c,22.324,58428.3185861,9263.74,555.85,209.0,183.5,22.6,8.7,182.3,327.5,653.3,2.0,2.78,2.6,1.0,3.0,-0.409
02a58428o0184c,325.887236765,43.5495265441,19.91,0.29,3.25,c,22.308,58428.3213341,3921.87,10158.7,184.0,180.8,28.3,8.7,180.1,131.1,597.3,1.17,2.64,2.5,1.0,3.0,-0.416
02a58428o0195c,325.887236765,43.5495265441,19.63,0.23,4.22,c,22.305,58428.3266788,3960.28,10236.4,227.0,179.4,38.0,9.0,178.6,-818.9,624.3,1.3,2.52,2.52,1.0,3.0,-0.42
02a58428o0199c,325.887236765,43.5495265441,20.49,0.5,1.71,c,22.318,58428.3285078,9248.41,516.03,175.0,182.1,16.6,9.7,183.5,213.3,577.6,1.29,2.58,2.58,1.0,3.0,-0.422
02a58428o0222c,325.887236765,43.5495265441,19.9,0.31,3.08,c,22.311,58428.3390244,9302.88,594.89,196.0,181.5,28.3,9.2,179.4,-249.1,526.9,1.18,2.66,2.5,1.0,3.0,-0.425
02a58428o0224c,325.887236765,43.5495265441,19.37,0.2,5.01,c,22.295,58428.3399424,3989.4,10116.8,207.0,180.8,46.6,9.3,179.0,-356.8,507.4,0.98,2.64,2.47,1.0,3.0,-0.422
02a58428o0234c,325.887236765,43.5495265441,19.27,0.19,5.32,c,22.31,58428.3448149,9331.88,475.82,247.0,181.0,51.1,9.6,174.7,20.9,569.8,1.75,2.65,2.46,1.0,3.0,-0.43
01a58430o0185o,325.887233597,43.5495245324,None,None,None,o,22.251,58430.2911986,None,None,None,None,None,None,None,None,None,None,None,None,1.0,3.0,-0.437
01a58430o0195o,325.887233597,43.5495245324,>16.73,0.0,3.0,o,22.251,58430.2959791,6400.72,38.56,253.0,158.5,48.7,160.6,160.6,3146.5,10012.5,0.01,3.36,3.0,1.0,3.0,-0.425
01a58430o0220o,325.887233597,43.5495245324,18.68,0.16,6.51,o,22.262,58430.3075287,1220.06,9750.45,258.0,179.5,51.4,7.9,176.9,-1083.5,658.0,1.19,3.44,3.07,1.0,3.0,-0.432
01a58430o0224o,325.887233597,43.5495245324,>16.56,0.0,3.0,o,22.244,58430.3093709,6364.45,11.12,-618.0,91.5,-291.7,168.1,-470.1,-257492.0,37888.4,0.22,3.55,3.15,1.0,3.0,-0.426
01a58430o0234o,325.887233597,43.5495245324,18.56,0.13,7.59,o,22.246,58430.3141605,6360.33,145.41,216.0,172.4,56.9,7.5,166.0,-1076.8,625.9,1.44,3.42,3.08,1.0,3.0,-0.419
01a58430o0236o,325.887233597,43.5495245324,18.45,0.12,8.31,o,22.258,58430.315082,1260.97,9816.22,249.0,179.5,61.5,7.4,173.8,-1079.6,646.5,1.41,3.48,3.13,1.0,3.0,-0.426
01a58430o0262o,325.887234965,43.5495201418,18.73,0.16,6.33,o,22.253,58430.3270817,1222.18,9778.76,232.0,180.0,49.4,7.8,180.6,685.1,637.5,1.61,3.43,3.03,1.0,3.0,-0.427
01a58430o0276o,325.887234965,43.5495201418,18.53,0.13,7.74,o,22.253,58430.3337296,1204.84,9918.89,187.0,180.5,61.9,8.0,173.5,-1466.1,630.3,1.68,3.36,2.95,1.0,3.0,-0.433
02a58432o0287c,325.887236127,43.5495187324,19.11,0.18,5.55,c,21.997,58432.3178411,8035.97,3819.8,210.0,181.3,47.2,8.5,181.5,15.7,475.1,1.25,2.55,2.41,1.0,3.0,-0.427
02a58432o0305c,325.887236127,43.5495187324,19.93,0.3,3.13,c,22.098,58432.3264074,8078.43,3858.48,203.0,179.9,24.7,7.9,179.7,182.6,534.9,1.38,2.54,2.38,1.0,3.0,-0.429
02a58432o0307c,325.887236127,43.5495187324,19.78,0.33,2.78,c,21.852,58432.3273234,8023.87,3779.32,194.0,182.9,21.7,7.8,185.6,1296.4,551.8,1.48,2.61,2.42,1.0,3.0,-0.425
02a58432o0331c,325.887236127,43.5495187324,19.9,0.31,3.06,c,22.024,58432.338304,8091.23,3741.42,194.0,182.2,23.6,7.7,182.3,479.0,439.9,1.25,2.55,2.4,1.0,3.0,-0.43
01a58434o0211o,325.887236127,43.5495187324,18.9,0.17,5.77,o,22.262,58434.275723,8900.76,6474.27,222.0,176.1,42.7,7.4,173.9,1030.7,692.4,1.35,3.39,3.08,1.0,3.0,-0.426
01a58434o0221o,325.887236127,43.5495187324,19.91,0.38,2.36,o,22.262,58434.2803923,8935.67,6528.22,239.0,176.9,17.0,7.2,173.2,-530.1,632.2,1.62,3.38,3.06,1.0,3.0,-0.424
01a58434o0247o,325.887236127,43.5495187324,18.81,0.16,6.48,o,22.26,58434.2924664,8882.88,6497.62,215.0,179.9,47.3,7.3,171.3,-2098.5,636.8,1.54,3.39,3.04,1.0,3.0,-0.418
01a58434o0254o,325.887236127,43.5495187324,19.67,0.32,2.91,o,22.258,58434.2958299,8875.16,6625.8,182.0,179.5,18.9,6.5,179.5,523.6,552.0,1.71,3.66,3.15,1.0,3.0,-0.427
02a58436o0268c,325.887236127,43.5495187324,>19.99,0.0,3.0,c,22.051,58436.3086364,8931.51,1249.7,183.0,183.3,7.6,10.3,185.0,477.3,761.1,0.96,2.62,2.47,1.0,3.0,-0.419
02a58436o0290c,325.887236127,43.5495187324,20.08,0.65,1.21,c,21.715,58436.3187536,8914.79,1209.42,216.0,182.2,14.7,12.1,184.6,977.8,872.2,1.07,2.59,2.44,1.0,3.0,-0.415
02a58436o0305c,325.887236127,43.5495187324,>18.84,0.0,3.0,c,21.454,58436.3259284,8969.98,1288.57,209.0,183.9,-5.4,18.0,185.5,-346.4,1215.7,1.06,2.56,2.4,1.0,3.0,-0.409
02a58436o0331c,325.887236127,43.5495187324,>16.07,0.0,3.0,c,18.455,58436.3378272,8987.15,1169.85,178.0,175.2,6.8,14.1,179.1,1063.1,1024.5,1.1,2.61,2.45,1.0,3.0,-0.406
01a58438o0227o,325.887236127,43.5495187324,>15.62,0.0,3.0,o,20.095,58438.2841506,1027.66,8473.18,44.0,146.9,6.1,64.8,160.6,2064.4,5625.8,1.04,3.24,2.95,1.0,3.0,-0.45
01a58438o0245o,325.887236127,43.5495187324,>15.82,0.0,3.0,o,20.132,58438.2926234,1069.01,8542.03,-62.0,156.4,-21.7,59.7,158.9,8025.1,4804.6,1.51,3.18,2.8,1.0,3.0,-0.449
01a58438o0271o,325.887236127,43.5495187324,18.47,0.49,1.75,o,21.882,58438.304669,1031.76,8505.67,72.0,107.0,49.4,28.2,105.6,28.1,2388.0,1.02,3.24,2.91,1.0,3.0,-0.424
01a58438o0282o,325.887236127,43.5495187324,18.74,0.18,5.65,o,22.22,58438.3099163,1011.79,8638.59,244.0,181.3,54.2,9.6,179.3,770.1,788.2,2.26,3.17,2.86,1.0,3.0,-0.44
01a58442o0165o,325.887236127,43.5495187324,19.04,0.28,3.44,o,22.251,58442.2673365,2486.13,9369.84,199.0,182.4,38.5,11.2,180.7,464.8,862.5,1.36,3.36,3.02,1.0,3.0,-0.415
01a58442o0187o,325.887236127,43.5495187324,19.01,0.27,3.48,o,22.251,58442.2775393,2529.49,9446.27,261.0,182.3,41.7,12.0,188.5,4456.1,907.7,1.44,3.25,2.92,1.0,3.0,-0.43
01a58442o0210o,325.887236127,43.5495187324,19.45,0.41,2.2,o,22.248,58442.2882517,2475.94,9405.62,219.0,184.6,27.0,12.3,185.8,1800.3,1117.0,1.24,3.32,2.94,1.0,3.0,-0.42
01a58442o0220o,325.887236127,43.5495187324,18.6,0.21,4.75,o,22.247,58442.2929826,2468.31,9538.28,224.0,180.9,57.9,12.2,178.3,1758.3,1084.3,1.39,3.34,2.97,1.0,3.0,-0.425
01a58445o0045o,325.887236127,43.5495187324,>18.26,0.0,3.0,o,22.181,58445.3023276,5619.81,532.36,629.0,550.6,8.3,22.3,553.9,3395.6,2235.9,0.88,4.26,3.91,1.0,3.0,-0.371
01a58445o0062o,325.887236127,43.5495187324,>19.02,0.0,3.0,o,22.221,58445.3108609,5581.13,480.73,140.0,162.2,-5.3,11.9,159.6,-896.2,1297.0,1.15,4.21,3.79,1.0,3.0,-0.379
01a58445o0079o,325.887236127,43.5495187324,>18.5,0.0,3.0,o,22.137,58445.3196499,5587.07,624.0,184.0,152.7,9.9,16.4,146.9,-1537.5,1844.2,1.15,4.32,4.01,1.0,3.0,-0.378
01a58446o0042o,325.887236127,43.5495187324,19.54,0.43,2.04,o,22.121,58446.2066581,9009.19,9029.14,179.0,152.8,21.0,10.3,146.6,-1715.8,938.3,1.49,3.41,3.0,1.0,3.0,-0.427
01a58446o0062o,325.887236127,43.5495187324,19.65,0.63,1.28,o,22.102,58446.2161086,9046.71,9104.13,158.0,163.6,19.9,15.6,161.8,907.9,1235.9,1.24,3.31,2.9,1.0,3.0,-0.433
01a58446o0063o,325.887236127,43.5495187324,19.38,0.57,1.46,o,22.076,58446.2165701,8989.13,9030.03,344.0,226.4,25.1,17.2,222.2,-732.1,1315.8,1.35,3.29,2.89,1.0,3.0,-0.44
01a58446o0096o,325.887236127,43.5495187324,19.41,0.43,2.07,o,22.248,58446.2321261,8978.38,9210.94,201.0,170.2,29.0,14.0,162.4,-2281.8,1210.4,1.35,3.26,2.88,1.0,3.0,-0.435
01a58450o0123o,325.887236127,43.5495187324,20.67,0.72,1.07,o,22.257,58450.2339984,9020.84,6847.3,162.0,179.9,8.0,7.5,179.4,116.4,622.5,1.7,3.46,3.17,1.0,3.0,-0.413
01a58450o0151o,325.887236127,43.5495187324,19.96,0.37,2.44,o,22.255,58450.2470213,8997.41,6856.82,243.0,182.8,16.1,6.6,178.2,-1838.8,534.5,1.73,3.41,3.05,1.0,3.0,-0.422
01a58450o0156o,325.887236127,43.5495187324,>20.07,0.0,3.0,o,22.254,58450.2493231,9073.06,6939.96,194.0,180.1,-1.6,7.2,176.7,-1748.1,674.5,1.63,3.38,3.07,1.0,3.0,-0.424
01a58450o0172o,325.887236127,43.5495187324,>20.0,0.0,3.0,o,22.251,58450.2568238,9000.88,7009.55,219.0,180.2,-2.8,7.0,175.9,-1189.3,633.6,1.29,3.54,3.22,1.0,3.0,-0.422
02a58452o0149o,325.887236127,43.5495187324,20.58,0.45,1.94,o,22.253,58452.2462058,9784.44,3924.66,198.0,183.4,20.8,10.7,183.4,1921.1,565.5,2.63,2.17,2.0,1.0,3.0,-0.485
02a58452o0166o,325.887236127,43.5495187324,20.31,0.38,2.35,o,22.251,58452.2541629,9768.45,3884.11,231.0,181.0,26.1,11.1,182.3,789.9,644.9,1.33,2.22,1.99,1.0,3.0,-0.495
02a58452o0182o,325.887236127,43.5495187324,20.98,0.65,1.21,o,22.211,58452.2616428,9822.95,3963.52,225.0,179.7,13.3,11.0,177.2,-579.4,577.0,1.5,2.21,2.05,1.0,3.0,-0.479
02a58452o0200o,325.887236127,43.5495187324,>20.39,0.0,3.0,o,22.116,58452.2700093,9835.07,3847.17,190.0,178.9,4.9,12.2,176.5,-837.3,608.9,1.57,2.1,1.92,1.0,3.0,-0.466
01a58454o0132o,325.887236127,43.5495187324,>20.32,0.0,3.0,o,22.263,58454.2389669,4101.93,9234.03,135.0,180.4,-16.5,6.6,174.0,-2781.9,493.5,2.13,3.21,2.82,1.0,3.0,-0.448
01a58454o0150o,325.887236127,43.5495187324,19.97,0.37,2.46,o,22.26,58454.2473572,4129.16,9303.09,209.0,182.1,17.7,7.2,183.7,1067.6,543.7,2.25,3.22,2.86,1.0,3.0,-0.44
01a58454o0169o,325.887236127,43.5495187324,20.86,0.69,1.12,o,22.255,58454.2561992,4087.37,9255.95,231.0,182.4,7.4,6.6,187.7,3823.6,582.9,2.37,3.3,2.96,1.0,3.0,-0.433
01a58454o0184o,325.887236127,43.5495187324,>20.27,0.0,3.0,o,22.255,58454.2631621,4072.67,9397.59,168.0,182.6,6.7,6.8,186.2,2387.2,514.8,1.88,3.21,2.84,1.0,3.0,-0.439
02a58456o0177c,325.887236127,43.5495187324,20.67,0.46,1.89,c,22.291,58456.2661818,965.97,8783.85,222.0,184.3,14.9,7.9,185.8,577.7,550.2,1.52,2.54,2.39,1.0,3.0,-0.43
02a58456o0199c,325.887236127,43.5495187324,21.17,0.67,1.17,c,22.28,58456.2770012,949.69,8746.15,211.0,184.7,9.0,7.7,185.0,30.5,665.2,1.49,2.58,2.44,1.0,3.0,-0.426
02a58456o0209c,325.887236127,43.5495187324,>20.49,0.0,3.0,c,22.28,58456.2817892,10034.9,8819.16,182.0,181.4,-7.8,8.0,179.6,-1031.9,476.5,1.3,2.63,2.47,1.0,3.0,-0.405
02a58456o0220c,325.887236127,43.5495187324,>20.53,0.0,3.0,c,22.268,58456.2874135,1004.51,8819.57,177.0,182.6,-16.2,7.7,187.2,1834.7,511.8,1.91,2.61,2.46,1.0,3.0,-0.429
02a58456o0231c,325.887236127,43.5495187324,>20.48,0.0,3.0,c,22.271,58456.2927773,10017.8,8779.13,150.0,181.9,2.0,8.1,180.1,-429.0,474.4,1.45,2.53,2.53,1.0,3.0,-0.408
02a58456o0242c,325.887236127,43.5495187324,>20.49,0.0,3.0,c,22.254,58456.2981027,1020.53,8699.68,206.0,186.2,-2.4,7.2,190.0,2072.8,579.3,1.72,2.73,2.59,1.0,3.0,-0.42
02a58456o0252c,325.887236127,43.5495187324,21.19,0.71,1.08,c,22.258,58456.3030329,10074.0,8860.01,186.0,180.8,7.8,7.2,181.6,40.0,529.7,1.66,2.74,2.6,1.0,3.0,-0.407
02a58456o0263c,325.887236127,43.5495187324,>20.46,0.0,3.0,c,22.251,58456.3085702,10087.0,8744.18,194.0,182.2,-3.5,6.9,182.8,-93.8,461.9,1.23,2.82,2.67,1.0,3.0,-0.403
01a58458o0074o,325.887236127,43.5495187324,>20.22,0.0,3.0,o,22.241,58458.2368878,4873.95,2456.89,145.0,174.9,3.5,6.1,170.8,-1373.2,485.3,1.97,3.42,3.08,1.0,3.0,-0.418
01a58458o0093o,325.887236127,43.5495187324,>20.26,0.0,3.0,o,22.244,58458.2457156,4833.91,2410.07,195.0,176.7,-0.5,6.7,172.8,-1501.9,611.5,1.57,3.21,2.88,1.0,3.0,-0.43
01a58458o0112o,325.887236127,43.5495187324,19.4,0.21,4.6,o,22.241,58458.2545112,4836.95,2556.38,222.0,176.6,29.0,6.3,176.4,508.2,540.2,1.51,3.26,2.92,1.0,3.0,-0.426
02a58460o0160c,325.887236127,43.5495187324,>20.53,0.0,3.0,c,22.283,58460.2575234,3783.68,6356.89,173.0,181.9,-1.3,6.3,183.0,857.3,391.8,1.49,2.89,2.75,1.0,3.0,-0.412
02a58460o0181c,325.887236127,43.5495187324,>20.39,0.0,3.0,c,22.272,58460.2677496,3755.33,6315.19,226.0,181.5,-0.9,6.6,181.0,297.3,476.9,1.54,3.02,2.84,1.0,3.0,-0.414
02a58460o0202c,325.887236127,43.5495187324,>20.57,0.0,3.0,c,22.266,58460.2780402,3809.14,6390.49,207.0,182.4,-1.1,6.5,181.2,652.1,433.8,1.69,2.8,2.63,1.0,3.0,-0.425
02a58460o0223c,325.887236127,43.5495187324,>20.52,0.0,3.0,c,22.253,58460.2883769,3836.35,6274.08,169.0,181.6,-5.6,6.3,180.8,330.1,441.2,1.65,2.89,2.72,1.0,3.0,-0.415
01a58462o0083o,325.887236127,43.5495187324,20.68,0.6,1.36,o,22.265,58462.2185409,9687.41,8070.52,182.0,182.6,9.5,7.0,181.6,876.0,533.0,1.82,3.15,2.83,1.0,3.0,-0.456
01a58462o0112o,325.887236127,43.5495187324,19.86,0.33,2.8,o,22.257,58462.2321213,9726.55,8155.8,163.0,182.3,18.5,6.6,180.8,521.7,458.8,1.73,3.27,2.98,1.0,3.0,-0.446
01a58462o0115o,325.887236127,43.5495187324,>20.05,0.0,3.0,o,22.253,58462.2335012,107.28,8215.64,147.0,166.2,-4.2,8.0,166.7,1930.0,715.6,1.62,3.28,2.91,1.0,3.0,-0.443
01a58462o0119o,325.887236127,43.5495187324,>20.27,0.0,3.0,o,22.255,58462.235372,9675.05,8090.91,166.0,183.0,-5.1,6.6,184.5,2039.0,615.1,2.22,3.23,2.93,1.0,3.0,-0.443
01a58462o0124o,325.887236127,43.5495187324,>20.09,0.0,3.0,o,22.251,58462.2376951,129.39,8269.67,149.0,167.1,-6.7,7.7,170.9,2310.3,708.0,1.3,3.24,2.92,1.0,3.0,-0.444
01a58462o0138o,325.887236127,43.5495187324,>20.26,0.0,3.0,o,22.252,58462.2442166,9680.34,8238.34,206.0,183.4,3.1,6.7,180.7,-469.2,568.7,1.71,3.22,2.91,1.0,3.0,-0.447
01a58462o0143o,325.887236127,43.5495187324,>20.15,0.0,3.0,o,22.25,58462.2465536,87.81,8219.78,165.0,166.9,-668.5,7.2,134.7,-14499.9,716.9,52.55,3.26,2.94,1.0,3.0,-0.441
01a58462o0161o,325.887236127,43.5495187324,>20.43,0.0,3.0,o,22.248,58462.2549345,88.55,8364.72,-544.0,166.4,-697.7,5.8,131.9,-12979.9,733.1,52.28,3.18,2.88,1.0,3.0,-0.444
01a58466o0084o,325.887236127,43.5495187324,>20.17,0.0,3.0,o,22.247,58466.218905,8661.61,2331.33,155.0,179.8,-2.7,8.1,175.7,-1088.7,700.6,1.46,3.05,2.75,1.0,3.0,-0.44
01a58466o0104o,325.887236127,43.5495187324,20.04,0.41,2.19,o,22.245,58466.2282301,8693.16,2400.57,206.0,179.3,17.7,8.1,176.7,-744.1,572.8,1.28,3.1,2.75,1.0,3.0,-0.444
01a58466o0124o,325.887236127,43.5495187324,>20.04,0.0,3.0,o,22.238,58466.2375548,8654.96,2355.37,132.0,178.3,-11.7,8.0,180.3,445.7,674.4,1.2,3.23,2.92,1.0,3.0,-0.432
01a58466o0144o,325.887236127,43.5495187324,>20.06,0.0,3.0,o,22.235,58466.2468498,8660.69,2501.25,182.0,178.1,5.0,8.6,174.3,-124.4,632.8,1.55,3.13,2.76,1.0,3.0,-0.442
01a58470o0063o,325.887236127,43.5495187324,>17.18,0.0,3.0,o,21.013,58470.2344694,3864.59,4422.71,195.0,214.0,16.3,31.6,211.8,679.8,2889.1,1.03,3.46,3.11,1.0,3.0,-0.421
02a58472o0070o,325.887236127,43.5495187324,>19.76,0.0,3.0,o,22.173,58472.2153345,4820.96,4413.35,176.0,181.7,-20.7,13.0,182.2,-1676.3,998.4,1.41,2.76,2.58,1.0,3.0,-0.43
02a58472o0089o,325.887236127,43.5495187324,>19.55,0.0,3.0,o,22.177,58472.2242239,4790.57,4373.17,205.0,182.1,-1.4,11.8,181.0,-57.5,1153.1,1.11,3.19,2.98,1.0,3.0,-0.401
02a58472o0108o,325.887236127,43.5495187324,20.4,0.7,1.11,o,22.174,58472.2331304,4844.25,4450.75,220.0,182.2,14.6,13.1,178.6,-951.5,928.0,1.29,2.81,2.58,1.0,3.0,-0.4115
02a58472o0127o,325.887236127,43.5495187324,>19.64,0.0,3.0,o,22.172,58472.2420353,4870.76,4332.6,164.0,177.4,-5.0,15.8,175.1,495.8,1089.2,1.26,2.63,2.48,1.0,3.0,-0.428
01a58474o0162o,325.887236127,43.5495187324,>19.18,0.0,3.0,o,22.217,58474.2587936,7827.82,4490.06,143.0,163.8,1.7,17.7,162.1,-1377.2,1549.4,1.09,3.26,2.84,1.0,3.0,-0.428
01a58474o0178o,325.887236127,43.5495187324,>19.19,0.0,3.0,o,22.21,58474.2664018,7873.78,4546.52,235.0,161.5,9.9,18.0,159.9,1061.7,1408.1,1.1,2.99,2.99,1.0,3.0,-0.435
01a58474o0195o,325.887236127,43.5495187324,>19.17,0.0,3.0,o,22.203,58474.2745206,7824.04,4489.66,103.0,156.5,-21.5,18.1,155.9,-25.7,1517.0,1.12,3.19,2.83,1.0,3.0,-0.439
01a58474o0211o,325.887236127,43.5495187324,>18.97,0.0,3.0,o,22.191,58474.2822019,7830.48,4621.42,180.0,157.5,3.7,19.9,152.7,-1214.8,1591.9,1.18,3.12,3.12,1.0,3.0,-0.426
01a58478o0057o,325.887236127,43.5495187324,>20.15,0.0,3.0,o,22.22,58478.2204732,3117.07,590.96,170.0,175.3,-7.4,7.0,173.4,-188.1,529.2,1.42,3.28,2.93,1.0,3.0,-0.421
01a58478o0078o,325.887236127,43.5495187324,>20.14,0.0,3.0,o,22.217,58478.2303507,3167.36,660.06,181.0,180.5,-1.3,7.1,176.8,-1245.7,551.4,1.59,3.28,2.9,1.0,3.0,-0.423
01a58478o0080o,325.887236127,43.5495187324,>20.11,0.0,3.0,o,22.234,58478.2312709,6773.08,10306.7,171.0,173.9,-1.9,7.5,168.6,-645.0,620.0,1.48,3.25,2.9,1.0,3.0,-0.437
01a58478o0099o,325.887236127,43.5495187324,>20.16,0.0,3.0,o,22.209,58478.2401992,3130.18,610.4,172.0,178.3,0.5,7.0,172.5,-2042.6,668.9,1.57,3.24,2.92,1.0,3.0,-0.425
01a58478o0102o,325.887236127,43.5495187324,>20.11,0.0,3.0,o,22.226,58478.2415883,6825.96,10373.9,194.0,174.6,3.8,7.5,166.2,-2492.3,682.3,1.69,3.24,2.88,1.0,3.0,-0.444
01a58478o0119o,325.887236127,43.5495187324,>20.0,0.0,3.0,o,22.201,58478.2495076,3126.31,752.04,179.0,179.5,-3.5,7.1,175.1,-1478.3,652.4,1.78,3.46,3.1,1.0,3.0,-0.414
01a58478o0121o,325.887236127,43.5495187324,>20.06,0.0,3.0,o,22.217,58478.2504282,6790.89,10319.2,183.0,173.0,-1.2,7.4,171.1,-284.0,627.0,1.53,3.3,2.98,1.0,3.0,-0.435
01a58478o0141o,325.887236127,43.5495187324,>19.85,0.0,3.0,o,22.196,58478.259723,6789.62,10459.8,151.0,165.0,-27.9,6.8,158.7,-2479.1,648.3,1.78,3.74,3.42,1.0,3.0,-0.412
02a58480o0038o,325.887236127,43.5495187324,>20.03,0.0,3.0,o,22.134,58480.2167666,9146.95,6427.7,176.0,177.5,8.8,11.6,171.8,-696.8,678.3,0.95,2.62,2.29,1.0,3.0,-0.418
02a58480o0059o,325.887236127,43.5495187324,>20.22,0.0,3.0,o,22.133,58480.2266077,9116.62,6382.8,196.0,179.1,1.0,12.0,181.4,905.4,788.3,1.98,2.33,2.08,1.0,3.0,-0.444
02a58480o0080o,325.887236127,43.5495187324,>20.21,0.0,3.0,o,22.129,58480.2365096,9170.3,6461.75,193.0,176.5,7.8,12.9,177.3,182.5,772.0,1.33,2.24,2.03,1.0,3.0,-0.455
02a58480o0097o,325.887236127,43.5495187324,None,None,None,o,22.121,58480.24443,None,None,None,None,None,None,None,None,None,None,None,None,1.0,3.0,-0.48
02a58480o0101o,325.887236127,43.5495187324,>20.2,0.0,3.0,o,22.124,58480.2463,9194.64,6348.86,166.0,180.2,-2.0,12.7,181.4,-424.2,751.7,1.32,2.25,2.05,1.0,3.0,-0.456
01a58486o0050o,325.887236127,43.5495187324,>19.88,0.0,3.0,o,22.231,58486.2095547,6801.21,6415.04,135.0,177.4,-19.5,7.6,175.1,-938.7,773.4,1.53,3.59,3.2,1.0,3.0,-0.408
01a58486o0069o,325.887236127,43.5495187324,>20.08,0.0,3.0,o,22.227,58486.2184811,6850.92,6476.53,186.0,178.6,-2.3,6.3,172.8,-2217.9,655.2,1.83,3.58,3.19,1.0,3.0,-0.412
01a58486o0088o,325.887236127,43.5495187324,>20.1,0.0,3.0,o,22.223,58486.227388,6814.62,6423.3,152.0,176.7,-19.2,6.6,174.4,-991.3,682.2,1.58,3.49,3.08,1.0,3.0,-0.419
01a58486o0107o,325.887236127,43.5495187324,>20.03,0.0,3.0,o,22.213,58486.2362917,6810.23,6561.8,171.0,176.7,-1.9,6.5,172.6,-1630.4,719.2,1.48,3.58,3.2,1.0,3.0,-0.413
02a58488o0054c,325.887236127,43.5495187324,20.98,0.7,1.1,c,22.169,58488.2167729,6354.16,4420.57,180.0,182.9,7.6,6.9,183.9,546.4,531.2,1.45,2.95,2.79,1.0,3.0,-0.398
02a58488o0073c,325.887236127,43.5495187324,19.75,0.3,3.12,c,22.152,58488.2257949,6339.04,4381.54,212.0,181.4,18.7,6.0,179.4,24.1,477.7,1.4,3.29,3.13,1.0,3.0,-0.383
02a58488o0092c,325.887236127,43.5495187324,20.68,0.57,1.45,c,22.146,58488.234792,6394.24,4460.6,183.0,183.5,9.7,6.7,181.0,21.7,517.6,1.45,2.96,2.81,1.0,3.0,-0.394
02a58488o0111c,325.887236127,43.5495187324,20.47,0.54,1.55,c,22.127,58488.2437105,6409.61,4345.3,189.0,181.2,10.4,6.7,181.9,-115.0,493.2,1.67,3.12,2.99,1.0,3.0,-0.39
01a58490o0047o,325.887236127,43.5495187324,>19.51,0.0,3.0,o,22.217,58490.2073088,6906.27,614.52,233.0,181.8,8.8,9.9,179.2,-360.1,979.8,1.44,3.68,3.31,1.0,3.0,-0.389
01a58490o0065o,325.887236127,43.5495187324,19.89,0.42,2.15,o,22.209,58490.2157756,6957.2,673.07,183.0,181.6,16.1,7.5,176.7,-1659.0,540.2,1.59,3.48,3.1,1.0,3.0,-0.405
01a58490o0083o,325.887236127,43.5495187324,>19.89,0.0,3.0,o,22.224,58490.2243054,1100.06,10398.2,156.0,174.1,-5.7,7.6,164.2,-3405.3,787.8,1.77,3.55,3.18,1.0,3.0,-0.402
01a58490o0086o,325.887236127,43.5495187324,>20.06,0.0,3.0,o,22.203,58490.225701,6925.07,619.74,135.0,179.6,-1.2,7.0,177.4,-596.0,678.2,1.52,3.39,3.03,1.0,3.0,-0.41
01a58490o0105o,325.887236127,43.5495187324,>19.84,0.0,3.0,o,22.217,58490.2346661,1155.49,10461.0,182.0,172.2,-0.9,8.3,162.2,-3704.1,766.6,1.68,3.44,3.12,1.0,3.0,-0.423
01a58490o0108o,325.887236127,43.5495187324,>19.99,0.0,3.0,o,22.19,58490.2360484,6923.48,761.0,206.0,182.0,-3.3,7.1,179.5,-1595.1,691.9,1.91,3.43,3.11,1.0,3.0,-0.415
01a58490o0125o,325.887236127,43.5495187324,>19.86,0.0,3.0,o,22.209,58490.2440706,1109.02,10399.7,157.0,177.5,-8.8,9.0,173.7,-1615.4,901.3,1.2,3.27,2.97,1.0,3.0,-0.417
01a58490o0145o,325.887236127,43.5495187324,16.42,0.49,1.76,o,22.198,58490.2533915,1122.43,10535.0,67.0,161.3,365.8,208.2,-30.2,-183890.0,13782.2,0.27,3.38,3.38,1.0,3.0,-0.406
02a58492o0041c,325.887236127,43.5495187324,>20.13,0.0,3.0,c,22.158,58492.2125707,4571.38,525.73,133.0,181.9,-6.3,10.3,181.4,302.4,744.8,1.42,2.65,2.38,1.0,3.0,-0.406
02a58492o0047c,325.887236127,43.5495187324,20.26,0.41,2.16,c,22.145,58492.215383,8032.29,10286.5,202.0,176.6,19.2,8.9,172.5,-645.3,585.5,1.16,2.61,2.35,1.0,3.0,-0.397
02a58492o0059c,325.887236127,43.5495187324,>20.23,0.0,3.0,c,22.152,58492.2211,4555.66,485.36,198.0,181.7,2.6,9.2,180.8,-469.7,558.0,1.53,2.67,2.39,1.0,3.0,-0.417
02a58492o0067c,325.887236127,43.5495187324,20.42,0.45,1.95,c,22.131,58492.2249537,8015.44,10248.3,212.0,179.8,16.2,8.3,178.1,369.0,561.1,1.18,2.61,2.37,1.0,3.0,-0.399
02a58492o0080c,325.887236127,43.5495187324,20.16,0.41,2.16,c,22.13,58492.2311956,4610.94,560.64,195.0,179.0,20.5,9.5,176.6,-485.3,585.9,1.06,2.47,2.47,1.0,3.0,-0.428
02a58492o0088c,325.887236127,43.5495187324,>20.34,0.0,3.0,c,22.112,58492.2351441,8070.7,10329.4,154.0,178.3,-8.2,8.1,179.0,174.5,533.0,1.45,2.62,2.41,1.0,3.0,-0.404
02a58492o0102c,325.887236127,43.5495187324,>20.17,0.0,3.0,c,22.11,58492.2417819,4625.5,444.17,155.0,182.1,-15.9,9.7,179.2,-940.5,621.3,0.94,2.57,2.39,1.0,3.0,-0.439
02a58492o0110c,325.887236127,43.5495187324,>20.23,0.0,3.0,c,22.089,58492.2458002,8085.36,10209.4,176.0,177.8,2.3,8.6,177.1,1493.8,618.6,1.54,2.63,2.46,1.0,3.0,-0.419
01a58494o0031o,325.887236127,43.5495187324,>17.99,0.0,3.0,o,22.222,58494.204234,2231.36,8431.66,276.0,159.6,19.1,55.4,174.4,9250.7,4644.6,1.28,3.2,2.77,1.0,3.0,-0.423
01a58494o0043o,325.887236127,43.5495187324,>19.57,0.0,3.0,o,22.217,58494.2098716,2272.28,8484.75,206.0,175.1,3.4,12.6,179.8,2386.8,1097.5,1.46,3.22,2.83,1.0,3.0,-0.422
01a58494o0060o,325.887236127,43.5495187324,>19.97,0.0,3.0,o,22.214,58494.2179166,2220.22,8424.44,242.0,180.7,1.8,8.9,181.5,-4645.7,640.7,1.8,3.16,2.8,1.0,3.0,-0.429
01a58494o0079o,325.887236127,43.5495187324,>20.06,0.0,3.0,o,22.207,58494.2268542,2229.52,8561.08,173.0,179.7,3.1,7.9,176.5,-3888.7,727.1,2.18,3.21,2.86,1.0,3.0,-0.426
02a58496o0032o,325.887236127,43.5495187324,>17.59,0.0,3.0,o,22.084,58496.2044152,8029.06,8332.13,-98.0,164.9,-7.2,131.5,166.3,9583.9,8028.5,1.05,2.33,2.04,1.0,3.0,-0.448
02a58496o0045o,325.887236127,43.5495187324,>19.39,0.0,3.0,o,22.069,58496.2105053,8020.76,8286.66,113.0,175.0,5.4,25.5,177.4,3184.9,1510.1,1.44,2.25,2.05,1.0,3.0,-0.446
02a58496o0063o,325.887236127,43.5495187324,19.89,0.41,2.2,o,22.063,58496.2188485,8076.18,8366.9,224.0,181.7,29.5,13.4,179.1,1468.6,709.1,1.92,2.33,2.15,1.0,3.0,-0.441
02a58496o0084o,325.887236127,43.5495187324,>19.96,0.0,3.0,o,22.053,58496.2286556,8089.35,8250.89,151.0,176.6,5.8,14.4,173.5,-687.8,864.3,2.09,2.29,2.09,1.0,3.0,-0.443
01a58498o0003o,325.887236127,43.5495187324,>17.8,0.0,3.0,o,22.225,58498.2040238,8828.26,6419.18,215.0,140.5,-18.6,59.7,151.4,8763.5,5485.1,1.32,3.41,2.9,1.0,3.0,-0.426
01a58498o0009o,325.887236127,43.5495187324,19.13,0.7,1.11,o,22.207,58498.2068387,8864.33,6463.86,292.0,162.0,35.1,31.5,158.1,-601.6,2951.2,1.27,3.39,2.93,1.0,3.0,-0.416
01a58498o0020o,325.887236127,43.5495187324,>19.1,0.0,3.0,o,22.199,58498.2120168,8821.93,6398.78,200.0,177.7,-8.7,18.0,175.5,-230.7,1358.1,1.16,3.33,2.9,1.0,3.0,-0.421
01a58498o0036o,325.887236127,43.5495187324,>19.49,0.0,3.0,o,22.189,58498.2195531,8812.67,6531.87,190.0,172.6,-14.4,12.2,172.4,865.4,1096.7,1.38,3.36,2.92,1.0,3.0,-0.422
02a58500o0025o,325.887236127,43.5495187324,>18.89,0.0,3.0,o,22.117,58500.2052009,7211.98,6368.19,126.0,166.0,-7.2,40.3,158.9,1708.4,2739.3,0.94,2.36,2.05,1.0,3.0,-0.435
02a58500o0035o,325.887236127,43.5495187324,19.97,0.68,1.15,o,22.103,58500.2099441,7197.14,6327.5,226.0,174.1,30.0,26.0,178.2,3080.6,1496.3,1.19,2.33,2.05,1.0,3.0,-0.432
02a58500o0048o,325.887236127,43.5495187324,>19.68,0.0,3.0,o,22.097,58500.216094,7257.57,6405.88,182.0,178.7,-28.3,18.9,176.8,216.3,1072.8,1.16,2.34,2.09,1.0,3.0,-0.432
02a58500o0064o,325.887236127,43.5495187324,>19.7,0.0,3.0,o,22.089,58500.2235274,7270.83,6291.8,182.0,183.1,-5.7,18.6,183.5,1568.2,1242.5,1.21,2.33,2.08,1.0,3.0,-0.434
02a58612o0768c,325.887236127,43.5495187324,>20.63,0.0,3.0,c,22.299,58612.5923737,10071.1,4201.84,179.0,182.6,7.7,7.8,180.8,531.9,451.0,1.53,2.57,2.32,1.0,3.0,-0.425
02a58612o0772c,325.887236127,43.5495187324,>20.64,0.0,3.0,c,22.301,58612.5942521,10090.3,4239.42,204.0,181.6,7.0,7.9,178.6,-753.0,527.8,1.04,2.55,2.3,1.0,3.0,-0.427
02a58612o0786c,325.887236127,43.5495187324,>20.64,0.0,3.0,c,22.302,58612.6012122,10024.6,4163.51,185.0,182.0,0.0,7.9,182.9,-116.9,426.9,1.61,2.55,2.3,1.0,3.0,-0.424
02a58612o0803c,325.887236127,43.5495187324,21.03,0.61,1.32,c,22.281,58612.6093093,318.74,4197.47,202.0,179.9,9.6,7.3,175.8,-656.6,572.9,1.53,2.84,2.38,1.0,3.0,-0.388
02a58612o0819c,325.887236127,43.5495187324,>20.35,0.0,3.0,c,22.283,58612.6167836,342.19,4235.49,182.0,180.0,-15.6,10.0,174.4,-2153.4,625.0,1.33,2.56,2.32,1.0,3.0,-0.405
02a58612o0824c,325.887236127,43.5495187324,20.31,0.48,1.81,c,22.303,58612.6192625,10010.9,4280.38,229.0,187.7,21.2,11.7,185.6,704.0,766.7,1.24,2.59,2.34,1.0,3.0,-0.415
02a58612o0825c,325.887236127,43.5495187324,>20.17,0.0,3.0,c,22.283,58612.6197317,281.43,4155.06,203.0,180.0,9.3,11.7,172.5,-1044.4,740.5,1.18,2.58,2.33,1.0,3.0,-0.402
02a58612o0836c,325.887236127,43.5495187324,>19.36,0.0,3.0,c,22.294,58612.6250448,260.42,4271.15,217.0,166.1,-22.4,21.7,174.2,3585.2,1589.8,1.26,2.9,2.38,1.0,3.0,-0.378
02a58616o0554o,325.887236127,43.5495187324,>20.51,0.0,3.0,o,22.238,58616.5732966,10070.7,4196.68,184.0,181.5,-2.2,11.0,180.4,118.7,555.5,2.31,2.27,1.96,1.0,3.0,-0.486
02a58616o0562o,325.887236127,43.5495187324,>20.5,0.0,3.0,o,22.245,58616.5770593,10091.2,4234.8,166.0,181.0,-1.4,12.1,177.8,931.3,570.1,1.78,2.2,1.87,1.0,3.0,-0.505
02a58616o0579o,325.887236127,43.5495187324,>20.45,0.0,3.0,o,22.244,58616.5851774,10028.2,4159.35,166.0,180.9,7.3,12.3,176.1,-521.7,611.4,1.5,2.22,1.92,1.0,3.0,-0.499
02a58616o0601o,325.887236127,43.5495187324,>20.52,0.0,3.0,o,22.249,58616.5956482,10011.0,4276.98,153.0,179.6,2.4,11.9,177.5,846.4,620.8,1.78,2.19,1.88,1.0,3.0,-0.503
01a58618o0722o,325.887236127,43.5495187324,>20.26,0.0,3.0,o,22.243,58618.5841626,9265.92,4337.05,189.0,180.6,1.9,7.5,179.1,1237.0,545.1,1.93,2.99,2.76,1.0,3.0,-0.444
01a58618o0733o,325.887236127,43.5495187324,>20.22,0.0,3.0,o,22.244,58618.589324,9245.8,4297.84,148.0,179.5,-8.6,8.0,180.9,351.3,517.3,1.79,2.94,2.75,1.0,3.0,-0.45
01a58618o0740o,325.887236127,43.5495187324,>20.32,0.0,3.0,o,22.244,58618.5926706,9304.93,4375.29,136.0,182.7,-20.8,7.0,181.7,-863.2,566.3,2.09,3.02,2.79,1.0,3.0,-0.441
01a58618o0768o,325.887236127,43.5495187324,20.64,0.61,1.33,o,22.249,58618.6059677,9324.17,4258.67,153.0,182.0,10.8,8.1,178.3,-478.6,576.2,1.43,2.96,2.72,1.0,3.0,-0.446
01a58618o0809o,325.887236127,43.5495187324,>18.58,0.0,3.0,o,22.256,58618.6251553,9280.9,4315.89,353.0,200.7,1.3,35.2,207.6,6423.1,3006.8,1.03,3.05,2.75,1.0,3.0,-0.439
02a58620o0547o,325.887236127,43.5495187324,>19.93,0.0,3.0,o,22.234,58620.5799957,2274.55,10098.2,194.0,189.0,13.4,18.9,187.2,329.2,1164.4,1.6,2.27,1.94,1.0,3.0,-0.472
02a58620o0553o,325.887236127,43.5495187324,>19.88,0.0,3.0,o,22.233,58620.5828362,2294.74,10137.9,140.0,191.4,-6.6,19.5,187.0,-1604.2,1183.2,2.03,2.28,1.96,1.0,3.0,-0.471
02a58620o0565o,325.887236127,43.5495187324,>19.96,0.0,3.0,o,22.235,58620.5886038,2230.37,10061.3,196.0,185.9,-6.7,18.4,190.9,1341.6,999.5,1.56,2.27,1.95,1.0,3.0,-0.47
02a58620o0596o,325.887236127,43.5495187324,>20.06,0.0,3.0,o,22.239,58620.603187,2211.82,10179.2,209.0,186.5,2.5,16.8,175.3,-1182.6,996.2,1.16,2.28,1.94,1.0,3.0,-0.469
01a58622o0544o,325.887236127,43.5495187324,19.12,0.46,1.92,o,22.19,58622.4948512,9251.25,4349.74,292.0,181.3,30.1,15.7,195.8,10517.0,1394.2,1.22,3.54,3.28,1.0,3.0,-0.403
01a58622o0550o,325.887236127,43.5495187324,>19.12,0.0,3.0,o,22.196,58622.4976145,9232.51,4310.01,112.0,174.0,-20.0,16.1,171.5,-2480.8,1388.0,1.38,3.4,3.11,1.0,3.0,-0.412
01a58622o0564o,325.887236127,43.5495187324,>19.11,0.0,3.0,o,22.198,58622.5041464,9292.22,4386.88,190.0,183.4,-4.6,13.9,182.7,-1658.2,1308.6,1.27,3.64,3.4,1.0,3.0,-0.393
01a58622o0601o,325.887236127,43.5495187324,>19.29,0.0,3.0,o,22.218,58622.5214665,9311.9,4267.08,177.0,177.6,4.7,15.5,175.6,-481.1,1158.4,1.33,3.2,2.98,1.0,3.0,-0.421
01a58626o0769o,325.887236127,43.5495187324,>19.98,0.0,3.0,o,22.247,58626.5878492,1626.1,8290.28,189.0,180.5,-11.8,8.5,180.1,873.4,717.9,2.26,3.25,2.93,1.0,3.0,-0.43
01a58626o0776o,325.887236127,43.5495187324,>19.97,0.0,3.0,o,22.249,58626.5916113,1605.61,8253.87,164.0,180.1,-7.0,9.3,176.7,258.0,705.2,1.66,3.08,2.85,1.0,3.0,-0.443
01a58626o0786o,325.887236127,43.5495187324,>19.92,0.0,3.0,o,22.251,58626.5969556,1667.6,8327.13,149.0,179.1,-7.4,10.0,175.7,-1427.6,823.1,1.43,3.07,2.8,1.0,3.0,-0.443
01a58626o0813o,325.887236127,43.5495187324,>19.79,0.0,3.0,o,22.25,58626.6112111,1681.32,8210.55,146.0,179.9,-20.8,10.0,175.4,-1545.8,857.5,1.61,3.23,2.98,1.0,3.0,-0.428
01a58630o0598o,325.887236127,43.5495187324,>20.09,0.0,3.0,o,22.229,58630.5161536,1620.57,8283.09,172.0,180.6,-17.4,8.4,179.4,-294.4,596.2,1.59,3.04,2.81,1.0,3.0,-0.446
01a58630o0604o,325.887236127,43.5495187324,19.96,0.43,2.08,o,22.23,58630.5190324,1599.79,8242.98,256.0,180.8,18.7,9.0,182.4,683.1,675.6,1.51,3.01,2.83,1.0,3.0,-0.449
01a58630o0616o,325.887236127,43.5495187324,>19.99,0.0,3.0,o,22.229,58630.5245971,1660.17,8319.96,206.0,179.9,-2.2,8.4,180.7,-188.6,588.5,1.35,3.17,2.96,1.0,3.0,-0.439
01a58630o0636o,325.887236127,43.5495187324,>20.09,0.0,3.0,o,22.236,58630.5340394,1680.89,8206.69,145.0,177.9,2.4,8.5,176.4,-319.5,663.0,1.63,3.02,2.82,1.0,3.0,-0.451
01a58634o0632o,325.887236127,43.5495187324,>20.22,0.0,3.0,o,22.241,58634.5264044,5351.52,4505.54,177.0,178.6,-7.3,7.4,175.4,-1516.0,630.8,1.17,3.04,2.85,1.0,3.0,-0.443
01a58634o0652o,325.887236127,43.5495187324,>20.25,0.0,3.0,o,22.244,58634.5365626,5331.53,4467.99,185.0,178.3,-0.4,7.6,173.3,-778.7,594.9,1.58,2.97,2.78,1.0,3.0,-0.45
01a58634o0658o,325.887236127,43.5495187324,>20.26,0.0,3.0,o,22.246,58634.5395025,5389.41,4545.98,173.0,177.7,-10.3,7.6,176.6,194.3,583.4,1.21,2.95,2.77,1.0,3.0,-0.452
01a58634o0686o,325.887236127,43.5495187324,>20.33,0.0,3.0,o,22.25,58634.5536452,5407.91,4428.01,193.0,177.8,-4.8,6.7,175.2,-513.0,577.9,1.44,2.96,2.96,1.0,3.0,-0.442
02a58636o0649c,325.887236127,43.5495187324,21.37,0.71,1.08,c,22.269,58636.5350998,3280.41,8065.95,193.0,181.5,7.9,7.3,180.2,809.3,461.0,2.01,2.54,2.32,1.0,3.0,-0.424
02a58636o0655c,325.887236127,43.5495187324,21.18,0.66,1.2,c,22.272,58636.5379182,3300.22,8106.14,192.0,180.6,9.5,7.9,179.4,153.1,523.4,1.67,2.53,2.3,1.0,3.0,-0.426
02a58636o0667c,325.887236127,43.5495187324,>20.55,0.0,3.0,c,22.274,58636.5436324,3240.26,8024.28,180.0,182.0,-1.1,8.5,179.1,-76.5,483.9,1.18,2.51,2.29,1.0,3.0,-0.428
02a58636o0688c,325.887236127,43.5495187324,>20.63,0.0,3.0,c,22.28,58636.553597,3218.0,8140.15,193.0,181.5,7.1,8.0,182.5,1473.3,529.4,1.55,2.5,2.29,1.0,3.0,-0.428
02a58636o0826c,325.887236127,43.5495187324,19.2,0.44,2.02,c,22.292,58636.6186688,3274.67,8089.28,129.0,180.3,58.7,29.0,185.4,1284.2,1674.0,1.64,2.58,2.33,1.0,3.0,-0.422
01a58638o0175o,325.887236127,43.5495187324,19.87,0.6,1.37,o,21.694,58638.4953277,5350.23,4512.05,196.0,176.2,10.4,7.6,175.5,675.7,701.8,0.98,3.44,3.08,1.0,3.0,-0.406
01a58638o0181o,325.887236127,43.5495187324,>19.53,0.0,3.0,o,21.672,58638.498125,5330.05,4473.15,156.0,177.3,-16.1,7.6,174.5,-947.3,637.1,1.36,3.27,2.9,1.0,3.0,-0.416
01a58638o0194o,325.887236127,43.5495187324,>19.58,0.0,3.0,o,21.699,58638.5041852,5387.71,4549.4,168.0,174.8,5.0,8.2,168.3,-847.8,634.4,1.45,3.1,2.77,1.0,3.0,-0.428
01a58638o0217o,325.887236127,43.5495187324,>18.42,0.0,3.0,o,20.636,58638.5150554,5405.87,4432.43,199.0,177.6,-7.1,9.1,169.7,-2950.0,746.0,1.26,3.08,2.74,1.0,3.0,-0.421
01a58642o0677o,325.887236127,43.5495187324,>20.2,0.0,3.0,o,22.261,58642.5506058,6195.32,520.69,166.0,177.3,-1.3,7.6,177.1,30.1,579.0,1.5,3.08,2.86,1.0,3.0,-0.445
01a58642o0684o,325.887236127,43.5495187324,20.35,0.48,1.78,o,22.262,58642.5539024,6173.9,480.88,160.0,178.1,13.7,7.7,172.7,-1004.2,652.3,1.63,3.01,2.79,1.0,3.0,-0.452
01a58642o0706o,325.887236127,43.5495187324,20.92,0.72,1.06,o,22.266,58642.5643,6234.1,559.18,184.0,179.4,8.4,7.9,178.8,525.7,586.9,1.99,2.94,2.74,1.0,3.0,-0.459
01a58642o0720o,325.887236127,43.5495187324,>20.26,0.0,3.0,o,22.267,58642.5714711,6251.92,443.08,185.0,176.6,-12.1,7.5,176.3,378.6,605.5,1.56,3.03,2.79,1.0,3.0,-0.451
02a58644o0600o,325.887236127,43.5495187324,>20.48,0.0,3.0,o,22.22,58644.5132905,1286.88,8119.99,186.0,180.3,-9.4,12.0,175.9,-1471.6,642.8,2.09,2.18,1.89,1.0,3.0,-0.489
02a58644o0607o,325.887236127,43.5495187324,20.95,0.67,1.18,o,22.223,58644.5166031,1309.24,8159.37,212.0,181.9,15.3,13.0,177.7,875.9,613.2,1.7,2.14,1.87,1.0,3.0,-0.494
02a58644o0618o,325.887236127,43.5495187324,>20.46,0.0,3.0,o,22.22,58644.521868,1241.37,8080.81,184.0,182.0,-18.6,12.3,181.2,-600.2,612.5,2.68,2.18,1.88,1.0,3.0,-0.487
02a58644o0639o,325.887236127,43.5495187324,>20.44,0.0,3.0,o,22.232,58644.5317274,1222.67,8197.01,160.0,182.3,-4.7,12.6,177.0,-135.7,636.9,2.11,2.2,1.88,1.0,3.0,-0.497
02a58648o0599o,325.887236127,43.5495187324,>19.8,0.0,3.0,o,22.194,58648.5146124,1284.11,8117.99,207.0,182.5,2.9,20.7,175.5,-41.1,1022.2,1.62,2.28,1.92,1.0,3.0,-0.449
02a58648o0606o,325.887236127,43.5495187324,19.85,0.43,2.06,o,22.196,58648.5179736,1304.27,8158.38,217.0,178.8,39.9,19.4,177.3,1422.1,1186.2,1.92,2.25,1.9,1.0,3.0,-0.4615
02a58648o0619o,325.887236127,43.5495187324,>19.87,0.0,3.0,o,22.2,58648.5242457,1244.1,8080.44,224.0,178.7,12.8,19.8,186.0,3416.8,1109.5,2.02,2.25,1.92,1.0,3.0,-0.46
02a58648o0642o,325.887236127,43.5495187324,>19.97,0.0,3.0,o,22.209,58648.5349658,1224.2,8197.4,123.0,177.8,-1.6,18.4,174.7,-343.0,1081.5,1.43,2.23,1.92,1.0,3.0,-0.468
01a58650o0562o,325.887236127,43.5495187324,19.91,0.51,1.69,o,22.262,58650.5628878,2121.67,797.0,261.0,175.9,20.9,12.4,172.7,1192.1,985.8,1.33,2.99,2.76,1.0,3.0,-0.452
01a58650o0569o,325.887236127,43.5495187324,>19.75,0.0,3.0,o,22.262,58650.5661128,2098.71,759.64,177.0,178.3,-14.5,12.5,180.7,613.3,1000.6,1.38,2.97,2.73,1.0,3.0,-0.456
01a58650o0582o,325.887236127,43.5495187324,>19.74,0.0,3.0,o,22.265,58650.5723464,2160.77,837.62,149.0,179.5,-6.9,13.4,180.7,-322.5,973.9,1.45,2.9,2.64,1.0,3.0,-0.464
01a58650o0607o,325.887236127,43.5495187324,19.87,0.5,1.72,o,22.264,58650.584861,2177.76,721.27,186.0,181.3,21.8,12.7,177.4,-64.6,899.5,1.47,3.0,2.75,1.0,3.0,-0.454
01a58654o0637o,325.887236127,43.5495187324,>19.83,0.0,3.0,o,22.265,58654.5332734,2125.87,791.76,182.0,180.8,-23.5,11.1,180.4,153.0,823.7,1.52,3.06,2.78,1.0,3.0,-0.446
01a58654o0644o,325.887236127,43.5495187324,>19.85,0.0,3.0,o,22.265,58654.5365084,2104.38,753.74,186.0,180.5,-13.1,11.1,179.4,-692.4,856.3,1.42,3.02,2.75,1.0,3.0,-0.452
01a58654o0656o,325.887236127,43.5495187324,>19.44,0.0,3.0,o,22.177,58654.5421463,2165.96,830.9,155.0,177.7,-4.0,14.7,177.7,-366.0,1038.1,1.06,3.05,2.78,1.0,3.0,-0.443
01a58654o0678o,325.887236127,43.5495187324,>19.85,0.0,3.0,o,22.265,58654.5524542,2182.04,716.01,220.0,180.6,0.3,10.8,182.6,66.3,930.8,1.33,3.07,2.8,1.0,3.0,-0.446
02a58656o0565o,325.887236127,43.5495187324,>20.17,0.0,3.0,o,22.204,58656.5039708,4177.03,4112.91,125.0,180.0,-23.3,13.2,181.9,1256.9,820.9,1.41,2.43,2.03,1.0,3.0,-0.431
02a58656o0573o,325.887236127,43.5495187324,>20.16,0.0,3.0,o,22.196,58656.5079953,4201.67,4145.98,150.0,180.3,-18.4,13.8,184.7,763.3,845.5,2.0,2.33,2.02,1.0,3.0,-0.452
02a58656o0584o,325.887236127,43.5495187324,>20.09,0.0,3.0,o,22.195,58656.5134,4145.9,4069.16,136.0,177.7,6.9,14.8,167.7,-2600.4,842.3,1.28,2.38,1.98,1.0,3.0,-0.434
02a58656o0605o,325.887236127,43.5495187324,20.27,0.48,1.8,o,22.18,58656.5234351,4133.04,4187.74,221.0,180.1,24.0,13.3,173.5,-1227.0,721.2,2.08,2.35,2.04,1.0,3.0,-0.453
01a58658o0509o,325.887236127,43.5495187324,>19.87,0.0,3.0,o,22.072,58658.4716884,8302.35,6356.23,200.0,184.7,-22.1,8.0,183.2,146.6,732.2,1.75,3.22,2.96,1.0,3.0,-0.425
01a58658o0516o,325.887236127,43.5495187324,19.71,0.41,2.2,o,22.118,58658.4750234,8282.9,6316.33,221.0,187.5,19.6,8.9,187.9,863.6,814.8,1.51,3.19,2.97,1.0,3.0,-0.429
01a58658o0531o,325.887236127,43.5495187324,>20.0,0.0,3.0,o,22.148,58658.4821732,8341.93,6395.21,211.0,184.8,-19.7,8.1,189.8,2998.8,657.3,1.59,3.13,2.86,1.0,3.0,-0.438
01a58658o0554o,325.887236127,43.5495187324,>19.39,0.0,3.0,o,21.934,58658.4930119,8362.36,6279.19,167.0,157.9,-3.9,11.4,159.3,1135.5,974.9,1.24,3.14,2.92,1.0,3.0,-0.433
01a58662o0355o,325.887236127,43.5495187324,20.36,0.47,1.83,o,22.261,58662.5488268,8298.67,6358.42,187.0,180.7,14.1,7.7,174.5,-1579.4,613.6,1.79,2.93,2.75,1.0,3.0,-0.457
01a58662o0362o,325.887236127,43.5495187324,>20.28,0.0,3.0,o,22.259,58662.5521392,8278.55,6318.98,119.0,181.0,-20.8,7.4,179.6,-479.2,535.8,1.74,2.89,2.89,1.0,3.0,-0.452
01a58662o0375o,325.887236127,43.5495187324,20.59,0.57,1.43,o,22.233,58662.5583856,8337.99,6396.71,151.0,180.1,10.6,7.4,174.8,-938.4,626.9,2.71,3.03,2.81,1.0,3.0,-0.452
01a58662o0408o,325.887236127,43.5495187324,>20.2,0.0,3.0,o,22.237,58662.5762573,8353.65,6281.35,190.0,180.8,1.7,8.2,176.9,-806.0,547.6,1.35,2.94,2.71,1.0,3.0,-0.455
02a58664o0623c,325.887236127,43.5495187324,>20.67,0.0,3.0,c,22.322,58664.5310767,6348.86,9936.48,179.0,182.2,-1.5,7.4,181.3,506.2,438.6,1.79,2.62,2.37,1.0,3.0,-0.431
02a58664o0629c,325.887236127,43.5495187324,>20.67,0.0,3.0,c,22.322,58664.5338294,6369.29,9977.23,198.0,181.1,6.0,7.5,180.0,-89.3,473.2,1.29,2.61,2.35,1.0,3.0,-0.432
02a58664o0651c,325.887236127,43.5495187324,>20.71,0.0,3.0,c,22.322,58664.5443355,6307.79,9906.19,182.0,181.9,7.1,7.1,179.9,-765.8,434.2,1.65,2.6,2.38,1.0,3.0,-0.43
02a58664o0675c,325.887236127,43.5495187324,>20.61,0.0,3.0,c,22.323,58664.5557279,6289.13,10020.8,152.0,181.0,-11.0,7.5,179.3,-506.9,473.8,1.19,2.68,2.41,1.0,3.0,-0.428
02a58664o0827c,325.887236127,43.5495187324,>18.22,0.0,3.0,c,22.37,58664.628067,4261.75,612.81,476.0,317.4,2.4,73.3,358.1,15711.3,4710.5,0.88,2.63,2.38,1.0,3.0,-0.451
02a58668o0405c,325.887236127,43.5495187324,>20.55,0.0,3.0,c,22.291,58668.4294393,9275.72,6270.28,152.0,180.4,7.9,8.2,178.2,-203.3,508.4,1.18,2.59,2.33,1.0,3.0,-0.423
02a58668o0412c,325.887236127,43.5495187324,21.22,0.67,1.18,c,22.293,58668.4326886,9295.19,6309.72,191.0,178.9,9.3,7.9,178.7,905.5,593.1,1.24,2.54,2.31,1.0,3.0,-0.426
02a58668o0427c,325.887236127,43.5495187324,>20.64,0.0,3.0,c,22.295,58668.4397218,9235.78,6233.41,157.0,180.2,-8.9,7.7,178.2,534.9,518.4,1.1,2.56,2.34,1.0,3.0,-0.426
02a58668o0448c,325.887236127,43.5495187324,>20.68,0.0,3.0,c,22.304,58668.4495668,9212.81,6349.6,165.0,181.3,-18.8,7.9,182.6,376.3,457.2,1.88,2.5,2.27,1.0,3.0,-0.429
01a58669o0180o,325.887236127,43.5495187324,20.67,0.59,1.37,o,22.234,58669.5569863,8171.72,7964.36,175.0,180.6,9.6,7.0,178.9,189.9,579.3,1.66,3.07,2.86,1.0,3.0,-0.441
01a58669o0187o,325.887236127,43.5495187324,>20.22,0.0,3.0,o,22.204,58669.5602149,8191.48,8015.11,190.0,179.3,-1.2,6.7,176.9,-410.3,528.7,2.0,3.14,2.95,1.0,3.0,-0.435
01a58669o0201o,325.887236127,43.5495187324,>20.22,0.0,3.0,o,22.221,58669.5667028,8131.27,7964.95,147.0,180.6,-1.7,6.8,179.4,-510.0,504.5,1.87,3.05,3.05,1.0,3.0,-0.438
01a58669o0224o,325.887236127,43.5495187324,>20.24,0.0,3.0,o,22.238,58669.5773475,8115.07,8124.92,188.0,179.2,4.4,6.3,179.2,718.6,601.4,1.85,3.16,3.16,1.0,3.0,-0.425
01a58675o0499o,325.887236127,43.5495187324,>20.23,0.0,3.0,o,22.277,58675.5159816,2413.12,6238.04,198.0,181.6,-14.4,8.1,180.8,-142.4,540.4,1.8,2.96,2.74,1.0,3.0,-0.46
01a58675o0505o,325.887236127,43.5495187324,>20.29,0.0,3.0,o,22.276,58675.5189297,2393.29,6200.48,182.0,181.5,0.9,7.7,178.7,750.0,633.9,1.47,2.95,2.74,1.0,3.0,-0.461
01a58675o0518o,325.887236127,43.5495187324,>20.31,0.0,3.0,o,22.279,58675.5252468,2452.43,6275.96,198.0,180.4,-2.5,7.7,178.6,-517.0,529.9,1.48,2.95,2.7,1.0,3.0,-0.46
01a58675o0548o,325.887236127,43.5495187324,>20.29,0.0,3.0,o,22.277,58675.5396198,2470.25,6159.86,152.0,180.6,-8.4,7.6,179.2,252.9,561.4,1.33,2.99,2.75,1.0,3.0,-0.456
01a58675o0726o,325.887236127,43.5495187324,>18.24,0.0,3.0,o,22.28,58675.6290245,8103.02,4320.58,119.0,190.4,-77.4,48.6,184.7,-6274.3,3619.6,1.11,3.06,2.77,1.0,3.0,-0.45
02a58676o0473o,325.887236127,43.5495187324,None,None,None,o,22.243,58676.5724826,None,None,None,None,None,None,None,None,None,None,None,None,1.0,3.0,-0.457
02a58676o0480o,325.887236127,43.5495187324,>17.67,0.0,3.0,o,22.24,58676.575877,4018.84,10514.9,215.0,142.3,9.7,146.2,177.7,16911.5,6296.9,0.09,2.34,1.96,1.0,3.0,-0.46
02a58676o0501o,325.887236127,43.5495187324,>20.52,0.0,3.0,o,22.277,58676.5857776,151.46,422.47,161.0,179.0,-1.6,10.6,170.6,-1281.0,643.7,1.2,2.36,2.02,1.0,3.0,-0.492
02a58676o0507o,325.887236127,43.5495187324,>20.54,0.0,3.0,o,22.273,58676.5886269,129.43,383.27,181.0,177.1,8.7,9.9,169.7,-1521.3,601.5,1.59,2.39,2.08,1.0,3.0,-0.493
02a58676o0514o,325.887236127,43.5495187324,19.81,0.38,2.36,o,22.241,58676.5918508,4087.87,10473.3,157.0,170.8,40.4,17.1,172.3,-1992.5,889.2,2.02,2.33,1.96,1.0,3.0,-0.461
02a58676o0520o,325.887236127,43.5495187324,>20.58,0.0,3.0,o,22.275,58676.5946017,190.04,457.53,159.0,179.4,3.0,10.0,170.9,-1486.0,618.4,1.78,2.32,2.05,1.0,3.0,-0.492
02a58676o0540o,325.887236127,43.5495187324,>20.53,0.0,3.0,o,22.268,58676.6040103,207.09,336.67,180.0,175.1,6.3,9.5,169.1,-1868.7,556.1,1.13,2.42,2.15,1.0,3.0,-0.478
02a58676o0581o,325.887236127,43.5495187324,20.53,0.73,1.04,o,22.245,58676.6229778,160.09,394.81,255.0,179.9,20.2,19.4,169.9,-3179.6,972.1,1.48,2.32,2.02,1.0,3.0,-0.467
01a58678o0493o,325.887236127,43.5495187324,>18.61,0.0,3.0,o,21.915,58678.5084232,2418.51,6240.8,250.0,247.9,-17.4,21.6,249.2,773.6,2040.4,1.15,3.29,2.96,1.0,3.0,-0.421
01a58678o0513o,325.887236127,43.5495187324,>19.05,0.0,3.0,o,22.181,58678.5183981,2393.27,6202.79,57.0,32.6,-1.1,19.1,32.0,-128.9,1458.5,1.32,3.21,2.92,1.0,3.0,-0.428
01a58678o0520o,325.887236127,43.5495187324,>19.43,0.0,3.0,o,22.182,58678.5219072,2451.68,6277.81,139.0,152.2,3.2,12.8,155.1,1425.9,1141.2,1.44,3.3,2.98,1.0,3.0,-0.419
01a58678o0532o,325.887236127,43.5495187324,>19.76,0.0,3.0,o,22.268,58678.5279853,2468.47,6161.67,169.0,181.1,-21.3,9.7,179.7,-1378.5,843.2,1.46,3.34,3.11,1.0,3.0,-0.42
02a58680o0584o,325.887236127,43.5495187324,>15.8,0.0,3.0,o,22.228,58680.509711,6548.16,25.59,-1629.0,89.5,-225.5,912.7,-1516.6,-260646.0,37022.1,0.03,2.2,1.86,1.0,3.0,-0.465
02a58680o0599o,325.887236127,43.5495187324,>19.27,0.0,3.0,o,22.224,58680.5179142,6570.72,70.35,164.0,137.2,6.2,31.7,164.5,12526.5,1974.9,0.69,2.39,2.01,1.0,3.0,-0.439
02a58680o0600o,325.887236127,43.5495187324,>19.84,0.0,3.0,o,22.241,58680.5183717,10444.5,10153.5,180.0,186.3,-2.4,19.7,189.8,1456.3,1172.7,1.33,2.34,1.98,1.0,3.0,-0.462
02a58680o0601o,325.887236127,43.5495187324,19.8,0.47,1.86,o,22.243,58680.51883,242.77,10148.7,226.0,184.8,41.4,22.2,201.9,6760.9,1273.6,1.91,2.28,1.96,1.0,3.0,-0.463
02a58680o0606o,325.887236127,43.5495187324,None,None,None,o,22.228,58680.5215967,None,None,None,None,None,None,None,None,None,None,None,None,1.0,3.0,-0.46
02a58680o0607o,325.887236127,43.5495187324,>19.67,0.0,3.0,o,22.248,58680.5220544,264.61,10191.5,197.0,189.2,17.5,25.7,218.6,11806.7,1584.2,1.33,2.22,1.89,1.0,3.0,-0.479
02a58680o0616o,325.887236127,43.5495187324,>19.93,0.0,3.0,o,22.251,58680.5264989,140.65,384.21,152.0,182.8,-7.2,19.1,183.6,1199.2,1132.1,1.49,2.34,1.9,1.0,3.0,-0.464
02a58680o0620o,325.887236127,43.5495187324,19.94,0.52,1.62,o,22.248,58680.5287093,201.46,10115.1,262.0,197.0,37.2,23.0,217.1,6448.9,1433.3,1.55,2.27,1.93,1.0,3.0,-0.467
02a58680o0622o,325.887236127,43.5495187324,>19.95,0.0,3.0,o,22.245,58680.5297563,201.8,461.99,187.0,187.6,-0.9,20.2,181.8,-2250.1,1157.2,1.45,2.2,1.86,1.0,3.0,-0.477
02a58680o0626o,325.887236127,43.5495187324,>19.38,0.0,3.0,o,22.228,58680.531774,4104.26,10473.0,213.0,133.2,-2.7,34.6,149.4,3079.8,2016.5,1.41,2.18,1.83,1.0,3.0,-0.464
02a58680o0642o,325.887236127,43.5495187324,>19.55,0.0,3.0,o,22.244,58680.53979,10427.1,347.6,153.0,140.2,5.1,28.1,152.3,5576.1,2556.4,0.94,2.23,1.91,1.0,3.0,-0.465
02a58680o0643o,325.887236127,43.5495187324,>19.94,0.0,3.0,o,22.244,58680.5402471,220.6,342.35,164.0,183.1,-24.3,19.1,183.9,-1317.7,1191.7,1.12,2.26,1.93,1.0,3.0,-0.467
02a58680o0822o,325.887236127,43.5495187324,>14.98,0.0,3.0,o,22.217,58680.6257832,4037.85,10531.4,-3216.0,-156.0,-1145.8,1880.7,-1647.3,-912572.0,127317.0,0.31,2.21,1.88,1.0,3.0,-0.463
02a58680o0829o,325.887236127,43.5495187324,>18.78,0.0,3.0,o,22.258,58680.6290885,10361.4,408.42,50.0,78.9,-13.4,58.8,52.4,-7289.4,3321.8,1.03,2.21,1.89,1.0,3.0,-0.4995
01a58682o0535o,325.887236127,43.5495187324,16.07,0.31,2.98,o,20.926,58682.4819936,5237.63,2583.68,-194.0,-370.2,209.8,70.3,-359.9,15449.7,5607.9,1.16,2.95,2.74,1.0,3.0,-0.474
01a58682o0541o,325.887236127,43.5495187324,>15.79,0.0,3.0,o,20.372,58682.4848485,5216.47,2544.14,616.0,835.1,-100.2,82.6,834.8,473.0,7265.6,1.09,2.99,2.75,1.0,3.0,-0.469
01a58682o0554o,325.887236127,43.5495187324,19.64,0.6,1.34,o,22.152,58682.4910618,5277.88,2621.11,178.0,175.2,23.9,17.8,162.1,-5334.0,1709.1,0.97,3.03,2.79,1.0,3.0,-0.437
01a58682o0578o,325.887236127,43.5495187324,>19.67,0.0,3.0,o,22.262,58682.5025072,5296.39,2503.56,220.0,175.0,9.8,12.7,176.2,1195.3,973.9,1.3,3.05,2.82,1.0,3.0,-0.438
02a58684o0435o,325.887236127,43.5495187324,>20.11,0.0,3.0,o,22.228,58684.4488439,7077.05,2454.94,117.0,179.3,-5.3,14.3,171.6,-770.7,728.5,1.03,2.37,2.08,1.0,3.0,-0.444
02a58684o0441o,325.887236127,43.5495187324,>20.16,0.0,3.0,o,22.229,58684.4517854,7099.55,2494.72,123.0,177.1,-25.6,14.4,179.8,356.4,848.8,1.53,2.31,2.02,1.0,3.0,-0.455
02a58684o0453o,325.887236127,43.5495187324,>20.06,0.0,3.0,o,22.211,58684.4577254,7044.39,2421.77,182.0,176.6,-13.4,14.4,174.9,-674.8,979.6,1.06,2.42,2.09,1.0,3.0,-0.439
02a58684o0478o,325.887236127,43.5495187324,>20.21,0.0,3.0,o,22.235,58684.4694557,7027.11,2539.69,193.0,181.1,-11.0,14.4,180.1,82.2,701.9,1.68,2.28,1.96,1.0,3.0,-0.459
02a58688o0451o,325.887236127,43.5495187324,>20.47,0.0,3.0,o,22.239,58688.4461967,7080.73,2456.21,170.0,179.0,-3.7,12.2,177.1,737.6,686.0,1.32,2.22,1.89,1.0,3.0,-0.476
02a58688o0458o,325.887236127,43.5495187324,20.83,0.62,1.3,o,22.239,58688.449502,7099.5,2490.09,205.0,176.3,16.3,12.5,171.8,-143.6,716.3,1.89,2.27,1.94,1.0,3.0,-0.464
02a58688o0472o,325.887236127,43.5495187324,>20.49,0.0,3.0,o,22.242,58688.4562369,7042.53,2422.44,151.0,176.6,-13.7,11.8,178.1,854.0,701.1,1.6,2.23,1.9,1.0,3.0,-0.472
02a58688o0494o,325.887236127,43.5495187324,>20.46,0.0,3.0,o,22.24,58688.4668477,7025.92,2534.41,156.0,176.0,-22.2,11.6,174.0,102.4,660.7,1.75,2.28,1.95,1.0,3.0,-0.472
01a58690o0512o,325.887236127,43.5495187324,>20.34,0.0,3.0,o,22.281,58690.4727052,7390.54,8390.41,171.0,178.5,-6.5,7.0,176.8,-583.9,594.1,1.41,3.02,2.83,1.0,3.0,-0.45
01a58690o0519o,325.887236127,43.5495187324,>20.32,0.0,3.0,o,22.28,58690.4759413,7372.15,8350.69,169.0,179.1,-16.9,6.9,179.3,-352.5,491.4,1.77,3.07,2.87,1.0,3.0,-0.445
01a58690o0532o,325.887236127,43.5495187324,>20.36,0.0,3.0,o,22.282,58690.4820152,7429.79,8428.78,175.0,181.5,-1.0,7.1,176.4,-1097.7,489.7,1.86,2.97,2.78,1.0,3.0,-0.453
01a58690o0556o,325.887236127,43.5495187324,>20.4,0.0,3.0,o,22.281,58690.4932095,3064.5,2271.72,181.0,177.6,-6.6,6.5,175.8,193.0,590.9,1.93,3.07,2.84,1.0,3.0,-0.436
02a58692o0644c,325.887236127,43.5495187324,21.1,0.6,1.36,c,22.299,58692.5702806,3401.4,4628.93,196.0,181.0,10.1,7.4,180.2,-123.9,492.0,1.78,2.62,2.31,1.0,3.0,-0.423
02a58692o0652c,325.887236127,43.5495187324,>20.74,0.0,3.0,c,22.299,58692.5739853,3381.9,4591.98,206.0,181.7,-2.5,7.4,182.2,-98.5,393.8,1.95,2.48,2.28,1.0,3.0,-0.43
02a58692o0666c,325.887236127,43.5495187324,20.25,0.31,2.97,c,22.296,58692.5804882,3439.48,4666.63,207.0,180.6,23.2,7.8,178.7,477.2,487.5,1.52,2.5,2.29,1.0,3.0,-0.43
02a58692o0688c,325.887236127,43.5495187324,>20.67,0.0,3.0,c,22.289,58692.5906805,3459.23,4549.52,196.0,180.7,3.4,7.3,178.9,-300.8,441.1,1.72,2.6,2.34,1.0,3.0,-0.427
01a58694o0421o,325.887236127,43.5495187324,>20.39,0.0,3.0,o,22.271,58694.481612,7393.26,8392.11,183.0,181.3,-8.9,7.2,179.6,-514.3,470.7,1.96,2.8,2.8,1.0,3.0,-0.456
01a58694o0427o,325.887236127,43.5495187324,20.84,0.64,1.23,o,22.27,58694.4846344,7372.54,8353.49,218.0,178.0,9.5,7.7,177.4,1408.3,593.4,1.46,2.88,2.67,1.0,3.0,-0.459
01a58694o0440o,325.887236127,43.5495187324,>19.97,0.0,3.0,o,21.964,58694.4913143,3084.06,2149.47,188.0,180.5,2.8,7.6,178.3,-285.5,527.0,1.72,3.07,2.68,1.0,3.0,-0.431
01a58694o0461o,325.887236127,43.5495187324,20.24,0.41,2.21,o,22.261,58694.5012246,3066.77,2266.81,171.0,179.2,15.9,7.2,177.2,545.0,636.8,1.57,2.94,2.74,1.0,3.0,-0.445
02a58700o0482c,325.887236127,43.5495187324,>20.72,0.0,3.0,c,22.314,58700.4596041,6120.31,4026.12,171.0,173.3,-2.6,7.1,172.1,264.4,595.2,2.01,2.61,2.35,1.0,3.0,-0.424
02a58700o0489c,325.887236127,43.5495187324,>20.75,0.0,3.0,c,22.313,58700.4630874,4462.06,6513.6,176.0,182.7,0.8,7.3,180.0,514.4,447.4,1.34,2.52,2.3,1.0,3.0,-0.422
02a58700o0503c,325.887236127,43.5495187324,>20.66,0.0,3.0,c,22.312,58700.4949679,4508.45,6592.81,193.0,181.6,2.8,7.2,181.4,336.1,444.6,1.96,2.7,2.36,1.0,3.0,-0.414
02a58700o0514c,325.887236127,43.5495187324,>20.7,0.0,3.0,c,22.313,58700.5002785,4524.98,6473.48,178.0,182.4,-4.6,7.2,183.0,1353.5,545.5,1.46,2.61,2.35,1.0,3.0,-0.418
01a58702o0119o,325.887236127,43.5495187324,>19.98,0.0,3.0,o,22.259,58702.5385696,1235.34,2258.27,178.0,184.3,3.8,8.1,177.8,-3274.5,831.2,1.14,3.33,3.02,1.0,3.0,-0.418
01a58702o0126o,325.887236127,43.5495187324,>20.01,0.0,3.0,o,22.259,58702.5418215,1255.98,2297.58,207.0,181.6,-10.0,8.1,180.8,559.0,679.2,1.26,3.33,2.94,1.0,3.0,-0.415
01a58702o0139o,325.887236127,43.5495187324,18.57,0.11,9.66,o,22.264,58702.5478901,1196.97,2217.71,188.0,181.2,73.4,7.6,137.8,-5138.0,493.7,18.84,2.98,2.74,1.0,3.0,-0.44
01a58702o0161o,325.887236127,43.5495187324,>20.09,0.0,3.0,o,22.26,58702.5581241,1181.47,2332.39,207.0,184.5,6.7,9.1,179.5,-970.7,650.4,1.62,2.97,2.73,1.0,3.0,-0.441
02a58708o0527c,325.887236127,43.5495187324,>19.78,0.0,3.0,c,22.312,58708.471294,3320.26,2701.09,199.0,182.8,-35.8,16.7,184.5,978.1,1166.2,1.29,2.59,2.38,1.0,3.0,-0.406
02a58708o0534c,325.887236127,43.5495187324,>19.71,0.0,3.0,c,22.31,58708.4745067,3299.5,2662.59,176.0,179.7,-26.6,17.7,178.4,349.3,1204.4,0.96,2.6,2.39,1.0,3.0,-0.407
02a58708o0546c,325.887236127,43.5495187324,>19.74,0.0,3.0,c,22.31,58708.4800204,3355.28,2739.48,201.0,181.0,-12.7,16.9,185.7,2193.2,1252.6,1.19,2.64,2.39,1.0,3.0,-0.403
02a58708o0572c,325.887236127,43.5495187324,>19.79,0.0,3.0,c,22.31,58708.4920189,3373.7,2621.97,171.0,174.1,-6.0,16.9,173.3,-587.7,1287.5,1.24,2.46,2.46,1.0,3.0,-0.4105
01a58710o0397o,325.887236127,43.5495187324,19.83,0.68,1.15,o,22.272,58710.4234854,487.06,6435.01,90.0,172.4,20.2,17.5,168.9,-1157.1,1573.1,1.67,3.2,2.98,1.0,3.0,-0.419
01a58710o0404o,325.887236127,43.5495187324,>19.44,0.0,3.0,o,22.272,58710.4268653,10057.6,4134.86,154.0,175.9,-4.3,13.8,174.0,1418.5,999.3,1.45,3.26,3.03,1.0,3.0,-0.41
01a58710o0416o,325.887236127,43.5495187324,>19.16,0.0,3.0,o,22.278,58710.4327102,525.41,6472.17,159.0,171.6,-26.9,16.2,173.2,456.1,1771.9,1.5,3.43,3.18,1.0,3.0,-0.41
01a58710o0437o,325.887236127,43.5495187324,19.15,0.38,2.36,o,22.274,58710.4432269,9985.41,4176.9,245.0,179.2,33.0,14.0,179.6,2554.3,1106.6,1.14,3.5,3.17,1.0,3.0,-0.405
01a58710o0451o,325.887236127,43.5495187324,>19.13,0.0,3.0,o,22.269,58710.4500274,10236.2,6314.11,66.0,179.4,-8.4,16.6,178.8,1779.1,1370.1,1.6,3.4,3.2,1.0,3.0,-0.401
01a58710o0459o,325.887236127,43.5495187324,>19.17,0.0,3.0,o,22.273,58710.4537083,10215.2,6275.12,122.0,178.6,-33.0,18.4,182.5,1920.4,1430.2,1.25,3.2,2.97,1.0,3.0,-0.418
01a58710o0471o,325.887236127,43.5495187324,>19.23,0.0,3.0,o,22.27,58710.4597305,256.82,4246.55,150.0,178.3,-63.3,16.1,182.5,-365.5,1545.7,1.08,3.32,3.08,1.0,3.0,-0.403
01a58710o0495o,325.887236127,43.5495187324,19.79,0.61,1.32,o,22.271,58710.4714184,240.25,4361.31,234.0,184.5,20.5,15.5,183.1,-1100.5,1477.7,1.45,3.32,2.97,1.0,3.0,-0.41
01a58714o0455o,325.887236127,43.5495187324,20.16,0.62,1.3,o,22.251,58714.4304859,2361.26,10149.9,192.0,181.1,14.9,11.5,178.7,-329.2,1002.1,1.12,3.28,2.87,1.0,3.0,-0.417
01a58714o0462o,325.887236127,43.5495187324,>19.74,0.0,3.0,o,22.254,58714.4339799,2384.44,10190.5,209.0,181.0,-3.2,11.5,176.7,-371.0,825.4,1.24,3.11,2.84,1.0,3.0,-0.43
01a58714o0473o,325.887236127,43.5495187324,>19.76,0.0,3.0,o,22.254,58714.4393505,2322.81,10110.4,119.0,180.8,-11.8,11.5,178.5,75.8,1050.9,1.68,3.12,2.76,1.0,3.0,-0.431
01a58714o0497o,325.887236127,43.5495187324,>19.68,0.0,3.0,o,22.253,58714.4510357,2304.39,10228.3,180.0,178.4,-8.3,11.1,175.9,348.0,931.0,1.4,3.31,2.91,1.0,3.0,-0.416
02a58716o0570o,325.887236127,43.5495187324,>20.26,0.0,3.0,o,22.215,58716.4956855,5475.55,8498.54,168.0,179.5,2.2,14.7,174.2,-864.3,767.7,2.33,2.2,1.87,1.0,3.0,-0.461
02a58716o0577o,325.887236127,43.5495187324,>20.3,0.0,3.0,o,22.215,58716.499149,5451.6,8459.97,129.0,179.2,-5.8,13.8,176.4,780.2,764.3,2.39,2.24,1.89,1.0,3.0,-0.458
02a58716o0589o,325.887236127,43.5495187324,20.64,0.6,1.34,o,22.213,58716.5049122,5509.32,8536.95,222.0,179.7,20.4,15.2,173.1,650.6,814.2,2.31,2.2,1.87,1.0,3.0,-0.458
02a58716o0611o,325.887236127,43.5495187324,>20.14,0.0,3.0,o,22.209,58716.5155845,5523.97,8419.96,190.0,181.1,-5.5,15.0,180.3,-327.5,844.9,1.3,2.28,1.97,1.0,3.0,-0.444
02a58720o0415c,325.887236127,43.5495187324,21.31,0.68,1.15,c,22.28,58720.4141785,5495.53,8507.76,187.0,181.4,8.6,7.5,179.4,-212.2,465.6,1.54,2.54,2.3,1.0,3.0,-0.411
02a58720o0421c,325.887236127,43.5495187324,20.64,0.41,2.16,c,22.284,58720.4172786,5475.01,8467.4,198.0,182.2,16.4,7.6,183.6,1452.0,418.1,1.48,2.5,2.28,1.0,3.0,-0.413
02a58720o0432c,325.887236127,43.5495187324,21.09,0.57,1.44,c,22.282,58720.4226888,5529.29,8544.91,183.0,181.4,10.8,7.5,180.5,43.8,454.0,1.74,2.5,2.27,1.0,3.0,-0.413
02a58720o0453c,325.887236127,43.5495187324,>20.67,0.0,3.0,c,22.284,58720.4330355,5545.23,8427.64,196.0,181.5,0.9,7.7,181.2,128.0,459.5,1.5,2.5,2.29,1.0,3.0,-0.413
01a58722o0426o,325.887236127,43.5495187324,>20.63,0.0,3.0,o,22.353,58722.5182341,3282.59,6129.94,184.0,178.0,3.4,12.3,179.4,578.8,693.1,2.0,2.11,1.89,1.0,3.0,-0.473
01a58722o0432o,325.887236127,43.5495187324,20.09,0.3,3.2,o,22.345,58722.5210539,3302.64,6169.47,196.0,179.3,36.5,11.4,174.9,-1293.7,640.1,2.33,2.17,1.96,1.0,3.0,-0.469
01a58722o0445o,325.887236127,43.5495187324,21.18,0.69,1.12,o,22.35,58722.5271999,3244.09,6091.61,217.0,179.6,13.5,12.0,180.0,608.1,658.8,1.41,2.2,1.92,1.0,3.0,-0.472
01a58722o0467o,325.887236127,43.5495187324,>20.49,0.0,3.0,o,22.337,58722.5377386,3224.37,6207.22,192.0,178.6,9.1,12.4,175.9,-942.5,661.1,1.66,2.2,2.0,1.0,3.0,-0.463
02a58724o0496c,325.887236127,43.5495187324,>20.74,0.0,3.0,c,22.298,58724.4470601,9275.42,4401.77,186.0,181.6,5.0,7.4,180.7,-261.2,475.2,1.67,2.53,2.24,1.0,3.0,-0.426
02a58724o0503c,325.887236127,43.5495187324,20.97,0.5,1.7,c,22.297,58724.4502771,9255.46,4361.73,207.0,181.7,12.1,7.1,179.5,-99.8,364.9,1.44,2.54,2.24,1.0,3.0,-0.426
02a58724o0517c,325.887236127,43.5495187324,>20.74,0.0,3.0,c,22.297,58724.4567624,9311.55,4440.09,200.0,181.5,0.8,7.5,181.1,-739.4,422.1,1.43,2.48,2.25,1.0,3.0,-0.424
02a58724o0542c,325.887236127,43.5495187324,21.29,0.67,1.16,c,22.293,58724.4682322,9328.84,4323.77,173.0,181.4,9.3,8.0,180.4,108.2,428.0,1.34,2.46,2.23,1.0,3.0,-0.427
01a58726o0334o,325.887236127,43.5495187324,>20.57,0.0,3.0,o,22.31,58726.4432519,3274.55,6132.95,182.0,174.3,0.3,10.7,165.1,-1284.7,628.0,2.98,2.24,2.07,1.0,3.0,-0.412
01a58726o0345o,325.887236127,43.5495187324,20.91,0.57,1.44,o,22.306,58726.4484154,3296.03,6171.26,185.0,176.9,14.5,10.1,173.3,-209.7,654.7,2.0,2.38,2.17,1.0,3.0,-0.407
01a58726o0353o,325.887236127,43.5495187324,>20.56,0.0,3.0,o,22.311,58726.4521057,3235.24,6092.58,184.0,175.8,7.5,10.9,169.0,-2118.0,587.7,1.57,2.28,2.01,1.0,3.0,-0.412
01a58726o0374o,325.887236127,43.5495187324,20.7,0.49,1.77,o,22.309,58726.4618814,3219.24,6209.68,221.0,170.1,21.6,12.2,171.0,509.1,684.8,2.1,2.13,1.96,1.0,3.0,-0.417
02a58728o0358c,325.887236127,43.5495187324,>20.61,0.0,3.0,c,22.272,58728.3902557,1317.5,6172.51,190.0,178.9,7.3,7.9,177.2,250.3,540.9,1.6,2.54,2.31,1.0,3.0,-0.426
02a58728o0365c,325.887236127,43.5495187324,>20.56,0.0,3.0,c,22.296,58728.3934606,1336.36,6209.95,165.0,178.7,1.6,8.4,177.5,-684.5,536.0,1.63,2.55,2.31,1.0,3.0,-0.425
02a58728o0380c,325.887236127,43.5495187324,21.01,0.54,1.57,c,22.301,58728.4004992,9332.25,4446.65,182.0,180.6,11.3,7.2,178.5,-880.2,433.1,1.98,2.57,2.29,1.0,3.0,-0.423
02a58728o0408c,325.887236127,43.5495187324,>20.7,0.0,3.0,c,22.3,58728.4142384,9344.58,4331.06,207.0,181.0,7.4,7.4,176.0,-1958.8,449.0,1.78,2.56,2.3,1.0,3.0,-0.4235
01a58730o0273o,325.887236127,43.5495187324,>20.38,0.0,3.0,o,22.307,58730.4659991,3336.26,8068.24,169.0,181.1,1.5,10.0,173.0,400.7,628.6,1.73,2.59,2.28,1.0,3.0,-0.393
01a58730o0280o,325.887236127,43.5495187324,>20.07,0.0,3.0,o,22.298,58730.4692529,3356.2,8107.48,185.0,180.2,2.9,8.8,179.6,40.0,768.4,1.39,3.17,2.8,1.0,3.0,-0.372
01a58730o0292o,325.887236127,43.5495187324,>20.23,0.0,3.0,o,22.303,58730.4748771,3295.97,8028.82,205.0,180.4,-1.4,9.7,176.8,-690.2,737.8,1.31,2.83,2.46,1.0,3.0,-0.378
01a58730o0315o,325.887236127,43.5495187324,>20.39,0.0,3.0,o,22.305,58730.485524,3277.68,8144.92,153.0,178.9,-10.1,10.1,178.2,-1121.7,733.4,1.8,2.63,2.19,1.0,3.0,-0.394
02a58732o0416o,325.887236127,43.5495187324,20.18,0.36,2.57,o,22.227,58732.4464996,1592.47,8262.77,250.0,180.0,31.6,12.3,175.9,676.6,612.0,2.16,2.0,2.0,1.0,3.0,-0.484
02a58732o0424o,325.887236127,43.5495187324,>20.47,0.0,3.0,o,22.225,58732.4502055,1572.05,8224.21,189.0,178.6,-7.2,13.0,180.3,62.9,691.2,2.27,2.12,1.83,1.0,3.0,-0.488
02a58732o0436o,325.887236127,43.5495187324,20.58,0.48,1.81,o,22.224,58732.4557743,1626.15,8299.91,218.0,181.5,20.3,11.2,178.4,551.6,611.4,2.5,2.32,1.89,1.0,3.0,-0.468
02a58732o0460o,325.887236127,43.5495187324,20.07,0.32,2.87,o,22.218,58732.4669915,1642.64,8180.58,199.0,180.5,33.9,11.8,175.6,5.6,644.0,1.34,2.21,1.87,1.0,3.0,-0.478
01a58734o0308o,325.887236127,43.5495187324,>20.27,0.0,3.0,o,22.316,58734.3666774,7272.96,2497.93,176.0,179.1,-7.4,11.1,173.8,-498.2,663.8,1.31,2.64,2.25,1.0,3.0,-0.405
01a58734o0321o,325.887236127,43.5495187324,20.74,0.57,1.44,o,22.319,58734.4232352,3345.39,8106.94,178.0,178.9,18.7,13.0,174.2,701.8,803.0,1.68,2.28,2.08,1.0,3.0,-0.404
01a58734o0333o,325.887236127,43.5495187324,>20.07,0.0,3.0,o,22.309,58734.4287621,3286.58,8027.89,179.0,178.7,3.3,9.4,177.3,135.1,763.6,1.4,3.0,2.79,1.0,3.0,-0.36
01a58734o0342o,325.887236127,43.5495187324,>20.27,0.0,3.0,o,22.316,58734.4335179,3267.69,8144.33,167.0,178.4,10.9,12.3,179.2,2031.9,805.0,1.25,2.46,2.17,1.0,3.0,-0.395
02a58736o0212o,325.887236127,43.5495187324,>19.54,0.0,3.0,o,22.152,58736.3965072,1605.17,8270.1,152.0,177.3,-26.9,20.5,183.0,2646.4,1559.6,1.45,2.59,2.08,1.0,3.0,-0.449
02a58736o0220o,325.887236127,43.5495187324,>18.95,0.0,3.0,o,22.066,58736.4002276,1583.76,8231.08,127.0,230.3,-14.4,26.3,234.7,3472.9,1713.7,1.52,2.78,2.41,1.0,3.0,-0.427
02a58736o0238o,325.887236127,43.5495187324,>19.07,0.0,3.0,o,21.987,58736.4087925,1635.11,8308.53,203.0,196.6,24.9,34.3,204.0,7131.9,2023.6,1.75,2.25,1.91,1.0,3.0,-0.45
02a58736o0260o,325.887236127,43.5495187324,>18.8,0.0,3.0,o,21.95,58736.4197172,1657.02,8191.18,154.0,194.9,17.3,40.4,192.9,1101.5,2216.1,1.22,2.36,1.9,1.0,3.0,-0.46

